ts_code,ann_date,end_date,eps,dt_eps,total_revenue_ps,revenue_ps,capital_rese_ps,surplus_rese_ps,undist_profit_ps,extra_item,profit_dedt,gross_margin,current_ratio,quick_ratio,cash_ratio,ar_turn,ca_turn,fa_turn,assets_turn,op_income,ebit,ebitda,fcff,fcfe,current_exint,noncurrent_exint,interestdebt,netdebt,tangible_asset,working_capital,networking_capital,invest_capital,retained_earnings,diluted2_eps,bps,ocfps,retainedps,cfps,ebit_ps,fcff_ps,fcfe_ps,netprofit_margin,grossprofit_margin,cogs_of_sales,expense_of_sales,profit_to_gr,saleexp_to_gr,adminexp_of_gr,finaexp_of_gr,impai_ttm,gc_of_gr,op_of_gr,ebit_of_gr,roe,roe_waa,roe_dt,roa,npta,roic,roe_yearly,roa2_yearly,debt_to_assets,assets_to_eqt,dp_assets_to_eqt,ca_to_assets,nca_to_assets,tbassets_to_totalassets,int_to_talcap,eqt_to_talcapital,currentdebt_to_debt,longdeb_to_debt,ocf_to_shortdebt,debt_to_eqt,eqt_to_debt,eqt_to_interestdebt,tangibleasset_to_debt,tangasset_to_intdebt,tangibleasset_to_netdebt,ocf_to_debt,turn_days,roa_yearly,roa_dp,fixed_assets,profit_to_op,q_saleexp_to_gr,q_gc_to_gr,q_roe,q_dt_roe,q_npta,q_ocf_to_sales,basic_eps_yoy,dt_eps_yoy,cfps_yoy,op_yoy,ebt_yoy,netprofit_yoy,dt_netprofit_yoy,ocf_yoy,roe_yoy,bps_yoy,assets_yoy,eqt_yoy,tr_yoy,or_yoy,q_sales_yoy,q_op_qoq,equity_yoy
300098.SZ,20260429,20260331,0.0134,0.0134,0.2936,0.2936,1.3487,0.0694,-0.8834,6558936.79,16597591.01,165032183.3,1.6688,1.3606,1.2198,0.335,0.164,0.5798,0.101,25024191.03,31256070.17,,-31766045.8192,-50376140.0792,1734397565.82,401066397.49,155020009.3,-240642283.32,2338319877.86,1262461226.02,944500380.99,2929547255.43,-1414587438.93,0.0133,1.5235,0.0204,-0.814,-0.0011,0.018,-0.0183,-0.029,5.541,32.3498,67.6502,28.3426,5.541,9.7272,19.5706,-0.9553,-0.425,95.0947,6.8745,6.1268,0.8785,0.88,0.6296,0.619,0.5598,0.866,3.514,2.476,45.2217,1.8255,1.9155,62.1938,37.8062,46.1661,5.2916,90.3752,82.4132,17.5868,0.0187,0.8255,1.1559,17.079,1.0209,15.084,,0.0154,423.4555,2.2392,0.4586,939337319.15,6.8346,9.7272,95.0947,0.8785,0.6296,0.5598,6.9334,1318.1818,1318.1818,202.0,467.3877,462.1564,1277.6638,298.39,201.9345,1277.8517,0.874,0.6195,0.8778,35.6057,35.6057,35.6057,139.21,-0.016
300098.SZ,20260418,20251231,-0.02,-0.02,1.1445,1.1445,1.3487,0.0694,-0.8967,26491757.99,-58801165.34,658392276.44,1.6326,1.3472,1.1838,1.3246,0.6654,2.9874,0.3987,-46107835.52,-31333210.69,18777920.05,-268920939.85,-265286857.61,1705239156.29,405910846.77,176514435.02,-241173796.1,2309304297.38,1189411281.06,896154235.03,2922677881.27,-1437743966.73,-0.0186,1.5103,0.0905,-0.8273,-0.007,-0.018,-0.1547,-0.1527,-0.9915,33.104,66.896,31.0495,-0.9915,11.474,20.6786,-1.1031,0.0372,102.3183,-0.2698,-1.5754,-1.2272,-1.23,-2.2334,-0.6282,-0.3953,-3.4454,-1.2272,-0.6282,45.4458,1.833,1.8945,60.9821,39.0179,45.8757,6.0395,89.7994,82.194,17.806,0.0837,0.833,1.1473,14.8687,1.0095,13.0828,,0.0688,415.5731,-0.3953,-0.6478,939444699.8,-0.3064,11.0776,111.8445,-3.5902,-3.7637,-1.9889,21.8599,85.7143,85.7143,164.6199,97.616,97.296,86.3558,80.61,164.7777,86.2704,-0.6185,1.8629,-0.6215,40.3881,40.3881,43.1497,-295.4945,-0.6215
300098.SZ,20260418,20251231,-0.02,-0.02,1.1445,1.1445,1.3487,0.0694,-0.8967,26491757.99,-58801165.34,658392276.44,1.6326,1.3472,1.1838,1.3246,0.6654,2.9874,0.3987,-46107835.52,-31333210.69,18777920.05,,,1705239156.29,405910846.77,176514435.02,-241173796.1,2309304297.38,1189411281.06,896154235.03,2922677881.27,-1437743966.73,-0.0186,1.5103,0.0905,-0.8273,-0.007,-0.018,,,-0.9915,33.104,66.896,31.0495,-0.9915,11.474,20.6786,-1.1031,0.0372,102.3183,-0.2698,-1.5754,-1.2272,-1.23,-2.2334,-0.6282,-0.3953,-3.4454,-1.2272,-0.6282,45.4458,1.833,1.8945,60.9821,39.0179,45.8757,6.0395,89.7994,82.194,17.806,0.0837,0.833,1.1473,14.8687,1.0095,13.0828,,0.0688,415.5731,-0.3953,-0.6478,939444699.8,-0.3064,11.0776,111.8445,-3.5902,-3.7637,-1.9889,21.8599,85.7143,85.7143,164.6199,97.616,97.296,86.3558,80.61,164.7777,86.2704,-0.6185,1.8629,-0.6215,40.3881,40.3881,43.1497,-295.4945,-0.6215
300098.SZ,20251029,20250930,0.04,0.04,0.7583,0.7583,1.3424,0.0694,-0.8377,21860064.25,41694267.82,483052232.42,1.7178,1.4334,1.2404,0.8785,0.4504,1.9862,0.2659,33388444.79,64585907.97,,-302870224.3926,-253127464.3726,1510120177.37,376108653.66,207773157.5,-135901709.13,2396569433.73,1229818211.13,1016051174.32,3084124789.45,-1335155689.14,0.0366,1.5627,0.0061,-0.7683,-0.0358,0.0372,-0.1743,-0.1457,6.0534,36.6588,63.3412,31.0192,6.0534,11.6759,20.6295,-1.2862,-1.1145,97.4662,6.3806,4.9014,2.3729,2.37,1.5567,1.3032,1.6095,2.035,3.1639,1.7376,42.1298,1.728,1.8504,59.2115,40.7885,48.2173,6.7369,88.0538,81.8148,18.1852,0.0062,0.728,1.2969,13.0704,1.1445,11.5345,,0.0051,472.3485,2.146,1.2824,916493097.25,6.3551,12.5556,96.1946,1.382,0.8782,0.8116,15.7872,233.3333,233.3333,114.6283,275.1684,272.9219,238.1782,139.8,114.619,243.9433,2.8295,0.5785,2.8295,39.0221,39.0221,45.35,42.3333,-4.0051
300098.SZ,20250819,20250630,0.0151,0.0151,0.516,0.516,1.3418,0.0694,-0.8592,8274998.92,18014586.03,333999855.81,1.6823,1.4496,1.2594,0.5813,0.3093,1.3651,0.1814,17365133.77,23544763.62,46235552.74,-281262802.83,-209169740.01,1491238335.3,385652961.53,233930236.6,-80054512.46,2353241044.78,1172121761.61,1010397784.3,3068742569.15,-1372420436.26,0.0151,1.5407,-0.0322,-0.7898,-0.0542,0.0135,-0.1619,-0.1204,4.4084,37.2505,62.7495,30.8346,4.4084,11.2628,21.0503,-1.4785,-0.4973,98.0633,4.2744,2.6259,0.9886,0.99,0.6775,0.4763,0.7995,0.7808,1.9772,0.9526,42.6805,1.7446,1.8591,58.4372,41.5628,47.5822,7.623,87.2454,81.3886,18.6114,-0.0325,0.7446,1.2684,11.445,1.1148,10.0596,,-0.0265,458.7315,1.599,0.5318,903291753.98,4.275,9.9879,93.9523,1.0612,0.9908,0.723,-4.0722,680.7692,680.7692,20.8845,113670.9831,6350.8696,683.1008,130.63,20.9224,722.5807,1.3819,0.0783,1.3774,36.2367,36.2367,47.4606,420.0463,-6.3413
300098.SZ,20250429,20250331,-0.0011,-0.0011,0.2165,0.2165,1.3412,0.0694,-0.8754,6399630.68,-8365941.19,135922900.06,1.7091,1.4596,1.2708,0.2506,0.1316,0.5985,0.0769,-14108761.78,1306698.16,,-247123185.361,-196030122.541,1436082113.66,390634868.09,212246575.44,-83248176.8,2330564002.59,1164745894.46,953250830.79,3015757366.9,-1400676331.71,-0.0011,1.5238,-0.02,-0.806,-0.0648,0.0008,-0.1422,-0.1128,1.1009,36.1304,63.8696,37.3185,1.1009,13.0266,25.3799,-1.088,-1.9153,103.7503,1.643,0.3473,-0.0744,-0.07,-0.3164,0.0267,0.0847,0.0292,-0.2976,0.1068,42.1058,1.7273,1.8499,57.9732,42.0268,48.1275,7.0379,87.8057,80.5601,19.4399,-0.0211,0.7273,1.2987,12.4761,1.143,10.9805,,-0.017,535.7472,0.3388,-0.0402,884153338.39,1.6487,13.0266,103.7503,-0.0744,-0.3164,0.0847,-9.2237,-124.4444,-124.4444,68.8474,-7.8237,-7.2709,-125.1945,81.52,68.8798,-127.2946,0.2698,-2.0092,0.2668,23.2582,23.2582,23.2582,103.4909,-7.6942
300098.SZ,20250429,20250331,-0.0011,-0.0011,0.2166,0.2166,1.3417,0.0694,-0.8757,6399630.68,-8365941.19,135922900.06,1.7091,1.4596,1.2381,0.2506,0.1316,0.5985,0.0769,-14108761.78,1306698.16,,,,1436082113.66,390634868.09,212246575.44,-83248176.8,2330564002.59,1164745894.46,1075759856.96,3015757366.9,-1400676331.71,-0.0011,1.5243,-0.02,-0.8063,-0.0648,0.0008,,,1.1009,36.1304,63.8696,37.3185,1.1009,13.0266,25.3799,-1.088,-1.9153,103.7503,1.643,0.3473,-0.0744,-0.07,-0.3164,0.0267,0.0847,0.0292,-0.2976,0.1068,42.1058,1.7273,1.8499,57.9732,42.0268,48.1275,7.0379,87.8057,80.5601,19.4399,-0.0211,0.7273,1.2987,12.4761,1.143,10.9805,,-0.017,535.7472,0.3388,-0.0402,884153338.39,1.6487,13.0266,103.7503,-0.0744,-0.3164,0.0847,-9.2237,-124.4444,-124.4444,68.8474,-7.8237,-7.2709,-125.1945,81.52,68.8798,-127.2946,0.3027,-2.0092,0.2668,23.2582,23.2582,23.2582,103.4909,-7.6942
300098.SZ,20250419,20241231,-0.14,-0.14,0.8152,0.8152,1.336,0.0694,-0.8743,66408482.75,-303207596.42,440694759.97,1.6672,1.4279,1.2349,0.9265,0.451,4.3924,0.2787,-299720035.95,-258678652.68,-215652574.13,283511549.03,247231811.9,1587078052.95,392663919.27,163955567.36,-270590658.47,2323859373.74,1163858210.04,799711510.13,2962024121.65,-1398710021.21,-0.1363,1.5197,0.0342,-0.8049,-0.1158,-0.1489,0.1631,0.1423,-17.9413,31.1074,68.8926,40.6856,-17.9413,15.7146,27.3043,-2.3332,-1.065,121.1564,-15.8864,-18.2594,-8.6141,-8.63,-11.0298,-5.0889,-5.0002,-9.148,-8.6141,-5.0889,43.3792,1.7661,1.8491,58.8515,41.1485,47.0249,5.5353,89.1607,81.3755,18.6245,0.0341,0.7661,1.232,16.1078,1.084,14.1737,,0.0277,563.9122,-5.0002,-4.6585,877332673.45,-15.9103,13.2651,138.2412,-6.9765,-7.2564,-4.1863,28.1091,-133.3333,-133.3333,-66.6991,-116.0459,-114.8275,-129.3444,-154.4,-66.7119,-148.1049,-7.5608,-5.414,-7.5615,-21.2446,-21.2446,-23.071,-268.6389,-7.5615
300098.SZ,20241030,20240930,-0.03,-0.03,0.5454,0.5454,1.3344,0.0694,-0.7645,58752041.08,-104746515.39,330119129.35,1.821,1.5537,1.2652,0.6193,0.3021,4.2235,0.1854,-120423769.82,-14174042.56,,-54216731.56,-99046761.16,1443789293.41,392868300.87,156660933.82,-165627589.12,2476758839.96,1308148466.74,1135364315.79,3161140154.63,-1207905381.85,-0.0265,1.6279,-0.0417,-0.6951,-0.1614,-0.0082,-0.0312,-0.057,-4.8663,34.8288,65.1712,43.5156,-4.8663,16.9262,29.3182,-2.7287,-1.2099,112.7052,-5.064,-1.4954,-1.6178,-1.62,-3.6844,-0.2773,-0.9024,-0.4311,-2.1571,-0.3697,39.8839,1.6634,1.7978,58.0544,41.9456,49.557,4.9558,89.4928,79.9317,20.0683,-0.0454,0.6634,1.4192,18.0581,1.2425,15.8097,,-0.0363,641.5338,-1.2032,-0.8999,824002449.46,-5.1092,19.4627,116.7487,-1.4588,-1.615,-0.8773,-0.5879,25.0,25.0,-81.3043,20.2901,20.1974,31.186,-38.07,-81.0103,25.6826,-0.9793,-4.3415,-0.98,-20.3087,-20.3087,-24.4309,-619.9007,-7.4052
300098.SZ,20240830,20240630,-0.0026,-0.0026,0.3787,0.3787,1.3276,0.0694,-0.7406,54311906.81,-58820489.76,220849479.26,1.8343,1.5822,1.3189,0.4285,0.2092,3.4158,0.1283,-71904312.06,-22084538.79,-428398.49,74259112.64,24251519.66,1444880947.47,392565223.15,154248108.97,-202788210.07,2511889972.09,1327055051.12,1115804069.63,3201169478.83,-1166419490.49,-0.0026,1.645,-0.0407,-0.6712,-0.1421,-0.0127,0.0427,0.014,-0.3194,33.5565,66.4435,40.9003,-0.3194,15.8098,28.4466,-3.3561,-1.2275,110.9253,0.0051,-3.3556,-0.1578,-0.16,-2.0582,-0.4304,-0.041,-2.2882,-0.3156,-0.8608,39.5286,1.6537,1.7957,57.9072,42.0928,49.8528,4.8185,89.2989,79.865,20.135,-0.0444,0.6537,1.4353,18.5325,1.2612,16.2847,,-0.0355,608.868,-0.082,-0.0879,811866355.84,-0.0932,14.5563,104.8356,-0.43,-0.473,-0.17,11.5664,90.5797,90.5797,-1.4963,100.0715,98.6885,90.6121,-8.82,-1.5534,89.9137,0.0608,-3.5603,0.0566,-18.3482,-18.3482,-22.7123,-199.4976,-6.9244
300098.SZ,20240429,20240331,0.0045,0.0045,0.1756,0.1756,1.3263,0.0694,-0.7335,53080804.81,-45276287.39,101593478.5,1.9031,1.6375,1.3392,0.1958,0.0953,1.5822,0.0594,-54838115.72,17427134.71,,-978896.0886,-52035821.8286,1453314127.75,375765227.64,156747001.09,-220852965.61,2525006764.16,1438011545.2,1199387822.06,3216735872.99,-1154106389.81,0.0045,1.6508,-0.0642,-0.6641,-0.1338,0.01,-0.0006,-0.0299,2.1199,33.286,66.714,48.1573,2.1199,17.2591,33.4736,-2.5754,-0.962,117.9671,2.197,5.7098,0.2726,0.27,-1.5815,0.3394,0.126,0.5084,1.0904,1.3576,39.3559,1.649,1.7937,60.0557,39.9443,50.0416,4.8729,89.1815,80.1828,19.8172,-0.07,0.649,1.4446,18.3017,1.2715,16.1088,,-0.0561,670.5737,0.504,0.152,678955146.86,2.1914,17.2591,117.9671,0.2726,-1.5815,0.126,-36.5325,134.8837,134.8837,21.8027,126.1325,126.5521,134.9549,-77.34,21.8136,137.6873,0.4136,-3.4225,0.411,-12.6444,-12.6444,-12.6444,115.255,-7.2502
300098.SZ,20240413,20231231,-0.06,-0.06,1.0351,1.0351,1.3241,0.0694,-0.738,15936490.23,-119186935.6,566942924.6,1.8865,1.6641,1.2305,1.1163,0.5309,8.7933,0.3407,-140366244.32,-135312574.65,-89122524.08,-583406241.81,-565863393.28,1459637388.56,349680224.08,353322921.95,-101575694.54,2514428039.62,1585602936.34,1459583952.2,3415309098.54,-1161910907.54,-0.0594,1.644,0.1027,-0.6686,0.0189,-0.0779,-0.3357,-0.3256,-6.0589,31.517,68.483,35.434,-6.0589,12.8581,24.2967,-1.7208,-0.746,107.8031,-5.7911,-7.5222,-3.4597,-3.51,-3.9937,-2.5626,-2.064,-4.1423,-3.4597,-2.5626,41.3932,1.7063,1.7693,64.5811,35.4189,48.1265,10.3453,83.6525,82.7006,17.2994,0.0998,0.7063,1.3211,8.0861,1.1627,7.1165,,0.0825,475.4642,-2.064,-1.9554,618257828.51,-5.8327,11.1689,109.0081,-1.2317,-1.4656,-0.7586,35.8435,62.5,62.5,183.7017,61.3263,59.6778,62.1159,60.27,183.6535,58.7383,-8.1923,-2.1122,-8.1859,-22.8937,-22.8937,-9.9755,-235.5503,-8.1859
300098.SZ,20231030,20230930,-0.0385,-0.0385,0.6844,0.6844,1.4082,0.0694,-0.717,9024152.77,-75862988.59,373962402.56,1.9279,1.6726,1.3395,0.7351,0.3599,5.7536,0.2277,-85464978.01,-55583038.87,,-518296488.13,-365620490.96,1439380963.31,313083741.31,251431755.6,-225751131.26,2724422344.21,1543253556.37,1289939900.47,3356094391.56,-1125424561.83,-0.0385,1.7581,-0.023,-0.6476,-0.0517,-0.032,-0.2983,-0.2104,-5.8681,31.4418,68.5582,37.2674,-5.8681,13.7237,25.6889,-2.1451,-0.3274,107.1857,-5.0628,-4.6733,-2.1676,-2.17,-2.4603,-1.0643,-1.3365,-1.9006,-2.8901,-1.4191,39.2263,1.6454,1.6936,62.7673,37.2327,53.3305,7.4918,91.0356,83.0008,16.9992,-0.024,0.6454,1.5246,12.1514,1.3596,10.8356,,-0.02,547.9715,-1.782,-1.2799,536529579.97,-5.1021,15.6828,104.9467,-0.6142,-0.712,-0.3414,7.7243,9.4118,9.4118,80.5743,39.075,31.6686,9.0728,19.54,80.5582,2.0939,-1.8205,-4.2868,-1.8149,-28.175,-28.175,-29.6977,38.9437,-7.1281
300098.SZ,20230830,20230630,-0.0276,-0.0276,0.4638,0.4638,1.4066,0.0694,-0.7062,6026617.11,-54052181.93,242914264.59,1.8539,1.6198,1.2778,0.5019,0.241,3.8516,0.1533,-66502086.72,-44436392.18,-18327434.5,-416866640.65,-268468700.17,1496763728.22,285836757.99,282499810.79,-174616368.09,2735163470.67,1513848013.64,1332913922.85,3399950714.27,-1106611290.83,-0.0276,1.7674,-0.0401,-0.6368,-0.0634,-0.0256,-0.2399,-0.1545,-6.4795,30.1369,69.8631,35.1939,-6.4795,12.7919,24.5614,-2.1594,-0.4158,108.2505,-5.8454,-5.513,-1.5535,-1.55,-1.7484,-0.8449,-0.993,-1.4661,-3.107,-1.6898,39.8472,1.6624,1.7012,63.4204,36.5796,52.7764,8.3089,90.333,85.8528,14.1472,-0.0393,0.6624,1.4872,10.8718,1.3245,9.682,,-0.0337,531.8474,-1.986,-0.9131,473578676.7,-5.8006,11.7728,106.3973,-0.8338,-0.9254,-0.5281,15.9886,26.9841,26.9841,63.0755,38.6548,39.1842,26.6022,25.88,63.1068,21.0353,-1.3012,-2.9005,-1.2996,-27.4274,-27.4274,-35.5118,16.3858,-7.05
300098.SZ,20230428,20230331,-0.0129,-0.0129,0.2011,0.2011,1.4046,0.0694,-0.6914,3203092.31,-25530500.15,109665589.71,1.821,1.5663,1.2011,0.2182,0.104,1.649,0.0661,-37289178.21,-23397425.04,,-387392622.48,-275515676.76,1562720640.25,251604854.46,281896095.11,-125500183.78,2754819137.1,1496608059.34,1349302871.6,3424489229.8,-1080913133.85,-0.0128,1.7798,-0.0821,-0.622,-0.0932,-0.0135,-0.2229,-0.1585,-7.0724,31.3876,68.6124,41.1008,-7.0724,14.1239,29.4191,-2.4422,-0.2582,110.6726,-7.3443,-6.6966,-0.7197,-0.72,-0.8229,-0.4425,-0.4673,-0.6886,-2.8788,-1.77,40.0133,1.667,1.7043,63.362,36.638,52.5848,8.2318,90.3195,86.957,13.043,-0.0782,0.667,1.4755,10.9721,1.3142,9.7725,,-0.068,625.2819,-1.8692,-0.4223,412451342.49,-7.2098,14.1239,110.6726,-0.7197,-0.8229,-0.4673,-40.8168,72.3176,72.3176,-47.3968,72.6687,73.1803,72.3999,69.34,-47.2032,70.6904,-0.6087,-1.8463,-0.602,-13.2069,-13.2069,-13.2069,84.9525,-5.8324
300098.SZ,20230428,20230331,-0.0129,-0.0129,0.2011,0.2011,1.4046,0.0694,-0.6914,3203092.31,-25530500.15,109665589.71,1.821,1.5663,1.2011,0.2182,0.104,1.649,0.0661,-37289178.21,-23397425.04,,-387392622.48,-275515676.76,1562720640.25,251604854.46,281896095.11,-125500183.78,2754819137.1,1496608059.34,1349302871.6,3424489229.8,-1080913133.85,-0.0128,1.7798,-0.0821,-0.622,-0.0932,-0.0135,-0.2229,-0.1585,-7.0724,31.3876,68.6124,41.1008,-7.0724,14.1239,29.4191,-2.4422,-0.2582,110.6726,-7.3443,-6.6966,-0.7197,-0.72,-0.8229,-0.4425,-0.4673,-0.6886,-2.8788,-1.77,40.0133,1.667,1.7043,63.362,36.638,52.5848,8.2318,90.3195,86.957,13.043,-0.0782,0.667,1.4755,10.9721,1.3142,9.7725,,-0.068,625.2819,-1.8692,-0.4223,412451342.49,-7.2098,14.1239,110.6726,-0.7197,-0.8229,-0.4673,-40.8168,72.3176,72.3176,-47.3968,72.6687,73.1803,72.3999,69.34,-47.2032,70.6904,-0.6087,-1.8236,-0.6044,-13.2069,-13.2069,-13.2069,84.9525,-5.8324
300098.SZ,20230415,20221231,-0.16,-0.16,1.3425,1.3425,1.4025,0.0694,-0.6786,27473109.75,-299936456.23,611901333.88,1.7517,1.5032,1.1985,1.4138,0.6461,10.6948,0.415,-316865376.51,-248688077.89,-185722365.65,-229603563.76,-396029141.42,1742993928.24,221905983.62,207444792.97,-363639203.11,2775512342.37,1459981733.56,1088247048.07,3371222802.58,-1058585726.01,-0.1568,1.7907,0.0362,-0.6092,-0.0451,-0.1431,-0.1321,-0.2279,-11.997,26.2287,73.7713,33.3697,-11.997,13.4419,21.08,-1.1523,-2.4278,113.5822,-11.5461,-10.6598,-8.4197,-8.42,-9.2687,-4.424,-4.9789,-7.4112,-8.4197,-4.424,40.7102,1.6866,1.7371,63.7602,36.2398,52.0137,6.1534,92.3045,89.4123,10.5877,0.0324,0.6866,1.4325,15.0006,1.2777,13.3795,,0.029,397.5014,-4.9789,-4.8469,372252000.46,-11.1536,21.1147,128.9481,-6.2159,-6.4249,-3.7932,39.6752,-884.0,-883.5,-65.3257,-1594.7364,-1455.9353,-729.3518,-283.77,-65.3212,-779.6016,-7.3904,-9.6588,-7.394,-12.72,-12.72,-38.3747,-674.0152,-7.394
300098.SZ,20230415,20221231,-0.16,-0.16,1.3425,1.3425,1.4025,0.0694,-0.6786,27473109.75,-299936456.23,611901333.88,1.7517,1.5032,1.1985,1.4138,0.6461,10.6948,0.415,-316865376.51,-248688077.89,-185722365.65,-229603563.76,-396029141.42,1742993928.24,221905983.62,207444792.97,-363639203.11,2775512342.37,1459981733.56,1088247048.07,3371222802.58,-1058585726.01,-0.1568,1.7907,0.0362,-0.6092,-0.0451,-0.1431,-0.1321,-0.2279,-11.997,26.2287,73.7713,33.3697,-11.997,13.4419,21.08,-1.1523,-2.4278,113.5822,-11.5461,-10.6598,-8.4197,-8.42,-9.2687,-4.424,-4.9789,-7.4112,-8.4197,-4.424,40.7102,1.6866,1.7371,63.7602,36.2398,52.0137,6.1534,92.3045,89.4123,10.5877,0.0324,0.6866,1.4325,15.0006,1.2777,13.3795,,0.029,397.5014,-4.9789,-4.8469,372252000.46,-11.1536,21.1147,128.9481,-6.2159,-6.4249,-3.7932,39.6752,-884.0,-883.5,-65.3257,-1594.7364,-1455.9353,-729.3518,-283.77,-65.3212,-779.6016,-7.3904,-9.6588,-7.394,-12.72,-12.72,-38.3747,-674.0152,-7.394
300098.SZ,20221028,20220930,-0.0425,-0.0425,0.9529,0.9529,1.3903,0.0694,-0.5641,20783476.27,-94291547.27,442033983.49,1.8908,1.5399,1.2108,1.0114,0.4591,7.7919,0.2925,-120886637.22,-77644853.06,,-591937465.91,-735483334.06,1498535980.39,273674316.02,300010918.08,17722188.45,2907524080.81,1598868379.1,1612952329.02,3645143391.63,-859630450.53,-0.0423,1.8931,-0.1184,-0.4947,-0.2147,-0.0447,-0.3406,-0.4232,-4.5854,26.6938,73.3062,30.2312,-4.5854,10.3051,21.7204,-1.7943,-1.6437,107.3002,-5.9686,-4.6889,-2.2108,-2.21,-2.8358,-1.3713,-1.3411,-2.0726,-2.9477,-1.8284,38.2515,1.6195,1.7029,62.6464,37.3536,53.6706,8.2304,90.2499,86.6176,13.3824,-0.1146,0.6195,1.5875,10.9654,1.4031,9.6914,164.0612,-0.0993,438.1679,-1.7881,-1.2983,312092128.2,-5.3629,10.5762,106.513,-0.245,-0.6481,-0.1354,-3.1237,-403.5714,-403.5714,-6.7628,-7320.6755,-3048.1178,-399.3623,-39.36,-6.7874,-404.1318,-2.0945,-8.2835,-2.0984,5.1816,5.1816,5.8134,-228.9786,-1.5682
300098.SZ,20221028,20220930,-0.0425,-0.0425,0.9529,0.9529,1.3903,0.0694,-0.5641,20783476.27,-94291547.27,442033983.49,1.8908,1.5399,1.2108,1.0114,0.4591,7.7919,0.2925,-120886637.22,-77644853.06,,-591937465.91,-735483334.06,1498535980.39,273674316.02,300010918.08,17722188.45,2907524080.81,1598868379.1,1612952329.02,3645143391.63,-859630450.53,-0.0423,1.8931,-0.1184,-0.4947,-0.2147,-0.0447,-0.3406,-0.4232,-4.5854,26.6938,73.3062,30.2312,-4.5854,10.3051,21.7204,-1.7943,-1.6437,107.3002,-5.9686,-4.6889,-2.2108,-2.21,-2.8358,-1.3713,-1.3411,-2.0726,-2.9477,-1.8284,38.2515,1.6195,1.7029,62.6464,37.3536,53.6706,8.2304,90.2499,86.6176,13.3824,-0.1146,0.6195,1.5875,10.9654,1.4031,9.6914,164.0612,-0.0993,438.1679,-1.7881,-1.2983,312092128.2,-5.3629,10.5762,106.513,-0.245,-0.6481,-0.1354,-3.1237,-403.5714,-403.5714,-6.7628,-7320.6755,-3048.1178,-399.3623,-39.36,-6.7874,-404.1318,-2.0945,-8.2835,-2.0984,5.1816,5.1816,5.8134,-228.9786,-1.5682
300098.SZ,20220830,20220630,-0.04,-0.04,0.6391,0.6391,1.3944,0.0694,-0.5594,7490566.63,-72922492.65,285853691.63,1.7896,1.4558,1.1416,0.6813,0.3036,5.1656,0.1942,-85372636.33,-71421477.85,-40527192.96,-389888250.29,-463537398.82,1576646314.8,219944864.5,380374121.32,12732540.47,2927167013.27,1543106172.71,1553053199.91,3737266114.01,-851554305.55,-0.0377,1.9014,-0.1086,-0.49,-0.1635,-0.0411,-0.2244,-0.2667,-6.1692,25.7373,74.2627,29.8983,-6.1692,10.172,21.4148,-1.6885,-1.3566,107.6867,-6.9152,-6.4305,-1.9636,-1.96,-2.1884,-1.2486,-1.1978,-1.8833,-3.9272,-2.4972,39.339,1.6485,1.7166,63.199,36.801,52.8956,10.1779,88.4128,89.7688,10.2312,-0.0965,0.6485,1.5178,8.6868,1.3446,7.6955,229.8965,-0.0867,438.6194,-2.3956,-1.1439,317818785.28,-6.922,7.7348,98.7864,0.4694,0.3137,0.2578,-12.9602,-100.0,-100.0,-31.477,-31.4872,-31.3815,-66.806,-21.23,-31.4416,-66.5654,-1.6653,-6.3111,-1.6673,4.8741,4.8741,5.9348,118.194,0.1445
300098.SZ,20220830,20220630,-0.04,-0.04,0.6391,0.6391,1.3944,0.0694,-0.5594,7490566.63,-72922492.65,285853691.63,1.7896,1.4558,1.1416,0.6813,0.3036,5.1656,0.1942,-85372636.33,-71421477.85,-40527192.96,-389888250.29,-463537398.82,1576646314.8,219944864.5,380374121.32,12732540.47,2927167013.27,1543106172.71,1553053199.91,3737266114.01,-851554305.55,-0.0377,1.9014,-0.1086,-0.49,-0.1635,-0.0411,-0.2244,-0.2667,-6.1692,25.7373,74.2627,29.8983,-6.1692,10.172,21.4148,-1.6885,-1.3566,107.6867,-6.9152,-6.4305,-1.9636,-1.96,-2.1884,-1.2486,-1.1978,-1.8833,-3.9272,-2.4972,39.339,1.6485,1.7166,63.199,36.801,52.8956,10.1779,88.4128,89.7688,10.2312,-0.0965,0.6485,1.5178,8.6868,1.3446,7.6955,229.8965,-0.0867,438.6194,-2.3956,-1.1439,317818785.28,-6.922,7.7348,98.7864,0.4694,0.3137,0.2578,-12.9602,-100.0,-100.0,-31.477,-31.4872,-31.3815,-66.806,-21.23,-31.4416,-66.5654,-1.6653,-6.3111,-1.6673,4.8741,4.8741,5.9348,118.194,0.1445
300098.SZ,20220429,20220331,-0.0466,-0.0466,0.2317,0.2317,1.3927,0.0694,-0.5683,2360656.43,-83256704.02,94447650.19,1.6998,1.3683,1.1024,0.2503,0.1084,1.8446,0.0698,-93966075.85,-90175067.87,,-315509017.8,-340310068.6,1707861457.35,164258155.67,419191879.51,-82682293.15,2902090486.16,1484618042.17,1396315196.05,3757481700.38,-867018427.12,-0.0466,1.8901,-0.0557,-0.4989,-0.0829,-0.0519,-0.1816,-0.1958,-20.5958,23.4619,76.5381,41.0053,-20.5958,14.4592,28.7403,-2.1941,-1.962,123.3423,-23.3224,-22.4006,-2.4349,-2.43,-2.5059,-1.5633,-1.4374,-2.3715,-9.7396,-6.2532,40.7011,1.6864,1.7361,64.0552,35.9448,51.5506,11.1562,87.4136,92.586,7.414,-0.0457,0.6864,1.4335,7.8354,1.2666,6.9231,,-0.0423,592.3673,-5.7496,-1.4025,300648785.94,-23.332,14.4592,123.3423,-2.4349,-2.5059,-1.4374,-24.0661,-44.7205,-44.7205,-5.0943,-35.9194,-36.6012,-43.3899,-38.56,-4.6192,-43.2163,-2.2497,-4.6902,-2.2528,3.059,3.059,3.059,-585.1305,0.1212
300098.SZ,20220429,20220331,-0.0466,-0.0466,0.2317,0.2317,1.3927,0.0694,-0.5683,2360656.43,-83256704.02,94447650.19,1.6998,1.3683,1.1024,0.2503,0.1084,1.8446,0.0698,-93966075.85,-90175067.87,,-315509017.8,-340310068.6,1707861457.35,164258155.67,419191879.51,-82682293.15,2902090486.16,1484618042.17,1396315196.05,3757481700.38,-867018427.12,-0.0466,1.8901,-0.0557,-0.4989,-0.0829,-0.0519,-0.1816,-0.1958,-20.5958,23.4619,76.5381,41.0053,-20.5958,14.4592,28.7403,-2.1941,-1.962,123.3423,-23.3224,-22.4006,-2.4349,-2.43,-2.5059,-1.5633,-1.4374,-2.3715,-9.7396,-6.2532,40.7011,1.6864,1.7361,64.0552,35.9448,51.5506,11.1562,87.4136,92.586,7.414,-0.0457,0.6864,1.4335,7.8354,1.2666,6.9231,,-0.0423,592.3673,-5.7496,-1.4025,300648785.94,-23.332,14.4592,123.3423,-2.4349,-2.5059,-1.4374,-24.0661,-44.7205,-44.7205,-5.0943,-35.9194,-36.6012,-43.3899,-38.56,-4.6192,-43.2163,-2.2497,-4.6902,-2.2528,3.059,3.059,3.059,-585.1305,0.1212
300098.SZ,20220415,20211231,0.02,0.02,1.5381,1.5381,1.3896,0.0694,-0.5218,121446988.36,-78154292.25,749344831.35,1.6601,1.3573,1.1187,1.6127,0.6809,11.9405,0.4412,-119032629.42,36870758.63,105323144.31,-199482294.08,-439913901.06,1877263979.59,181970761.6,431396499.54,-221310757.96,2983986967.25,1518805847.44,1289861018.59,3847396917.21,-786122379.53,0.0249,1.9336,0.1044,-0.4524,-0.1493,0.0212,-0.1148,-0.2531,1.1874,28.0345,71.9655,30.8273,1.1874,11.0866,21.2672,-1.5265,-0.447,104.4532,0.6742,1.3794,1.2932,1.29,-2.3345,0.6087,0.5239,0.9376,1.2932,0.6087,42.1667,1.7291,1.8095,64.6702,35.3298,50.5193,11.2127,87.3382,92.3873,7.6127,0.0788,0.7291,1.3492,7.7892,1.1981,6.917,,0.0728,368.9358,0.5239,0.7147,302593489.33,0.7179,9.9086,99.5855,0.5591,-0.3131,0.3399,34.0475,103.1746,103.1746,190.4679,101.4972,101.6079,103.9258,93.24,190.0254,103.8968,1.2303,-4.8675,0.7451,14.9115,14.9115,28.228,-66.0955,0.7451
300098.SZ,20220415,20211231,0.02,0.02,1.5381,1.5381,1.3896,0.0694,-0.5218,121446988.36,-78154292.25,749344831.35,1.6601,1.3573,1.1187,1.6127,0.6809,11.9405,0.4412,-119032629.42,36870758.63,105323144.31,-199482294.08,-439913901.06,1877263979.59,181970761.6,431396499.54,-221310757.96,2983986967.25,1518805847.44,1289861018.59,3847396917.21,-786122379.53,0.0249,1.9336,0.1044,-0.4524,-0.1493,0.0212,-0.1148,-0.2531,1.1874,28.0345,71.9655,30.8273,1.1874,11.0866,21.2672,-1.5265,-0.447,104.4532,0.6742,1.3794,1.2932,1.29,-2.3345,0.6087,0.5239,0.9376,1.2932,0.6087,42.1667,1.7291,1.8095,64.6702,35.3298,50.5193,11.2127,87.3382,92.3873,7.6127,0.0788,0.7291,1.3492,7.7892,1.1981,6.917,,0.0728,368.9358,0.5239,0.7147,302593489.33,0.7179,9.9086,99.5855,0.5591,-0.3131,0.3399,34.0475,103.1746,103.1746,190.4679,101.4972,101.6079,103.9258,93.24,190.0254,103.8968,1.2303,-4.8675,0.7451,14.9115,14.9115,28.228,-66.0955,0.7451
300098.SZ,20211029,20210930,0.01,0.01,0.9063,0.9063,1.421,0.0694,-0.5327,92217190.48,-67662304.5,433154601.12,1.7889,1.407,1.1188,0.984,0.4204,6.9864,0.2663,-123586068.6,19003301.93,,-619560515.49,-834340783.61,1524568309.26,242590225.34,443546637.43,58603041.71,2956748854.35,1524578441.89,1547650647.94,3846398499.7,-804860189.66,0.0141,1.9239,-0.1109,-0.4633,-0.302,0.0109,-0.3566,-0.4803,0.7725,27.5129,72.4871,33.8316,0.7725,11.9085,24.1129,-2.1899,-1.139,107.8499,-0.0846,1.207,0.7354,0.73,-2.0266,0.3215,0.2057,0.4833,0.9805,0.4287,39.3815,1.6497,1.7705,61.586,38.414,52.6716,11.5315,86.8903,87.4194,12.5806,-0.0997,0.6497,1.5118,7.5351,1.3375,6.6662,50.4538,-0.0871,462.7535,0.2743,0.4154,293408983.52,0.1913,13.8748,104.9008,1.9207,-0.2261,1.0487,-9.5253,114.2857,114.2857,56.865,99.2465,101.7899,121.265,55.63,57.1197,127.4955,0.7225,-9.5878,0.2025,7.147,7.147,-2.8315,435.3255,-22.6602
300098.SZ,20211029,20210930,0.01,0.01,0.9063,0.9063,1.421,0.0694,-0.5327,92217190.48,-67662304.5,433154601.12,1.7889,1.407,1.1188,0.984,0.4204,6.9864,0.2663,-123586068.6,19003301.93,,-619560515.49,-834340783.61,1524568309.26,242590225.34,443546637.43,58603041.71,2956748854.35,1524578441.89,1547650647.94,3846398499.7,-804860189.66,0.0141,1.9239,-0.1109,-0.4633,-0.302,0.0109,-0.3566,-0.4803,0.7725,27.5129,72.4871,33.8316,0.7725,11.9085,24.1129,-2.1899,-1.139,107.8499,-0.0846,1.207,0.7354,0.73,-2.0266,0.3215,0.2057,0.4833,0.9805,0.4287,39.3815,1.6497,1.7705,61.586,38.414,52.6716,11.5315,86.8903,87.4194,12.5806,-0.0997,0.6497,1.5118,7.5351,1.3375,6.6662,50.4538,-0.0871,462.7535,0.2743,0.4154,293408983.52,0.1913,13.8748,104.9008,1.9207,-0.2261,1.0487,-9.5253,114.2857,114.2857,56.865,99.2465,101.7899,121.265,55.63,57.1197,127.4955,0.7225,-9.5878,0.2025,7.147,7.147,-2.8315,435.3255,-22.6602
300098.SZ,20210828,20210630,-0.02,-0.02,0.6096,0.6096,1.4331,0.0694,-0.5695,20928194.28,-60154551.37,284146333.32,1.7413,1.3827,1.1287,0.647,0.2776,4.618,0.1773,-98331082.59,-50298948.56,-14645873.46,-373232098.62,-572540439.93,1634297348.62,268420100.68,468856661.86,-67816567.12,2910926623.05,1531142550.89,1425777433.19,3833228366.65,-868641432.73,-0.0226,1.8993,-0.0826,-0.5,-0.2252,-0.029,-0.2148,-0.3296,-4.471,26.8305,73.1695,32.6673,-4.471,10.9517,24.0076,-2.292,-0.7331,109.2849,-5.5156,-4.7495,-1.1824,-1.18,-1.8133,-0.8422,-0.7928,-1.2814,-2.3648,-1.6844,41.3458,1.7049,1.8003,62.7054,37.2946,50.7489,12.2314,86.0751,87.0985,12.9015,-0.0695,0.7049,1.3913,7.0372,1.2274,6.2086,,-0.0605,460.4856,-1.5856,-0.6568,296823298.8,-5.5254,8.5744,102.387,0.5225,-0.0021,0.2603,-7.6182,33.3333,33.3333,65.0,30.824,23.8273,30.9948,23.71,65.1915,8.1793,-0.5654,-7.6166,-1.0775,12.7828,12.7828,19.7719,115.4365,-24.8478
300098.SZ,20210828,20210630,-0.02,-0.02,0.6096,0.6096,1.4331,0.0694,-0.5695,20928194.28,-60154551.37,284146333.32,1.7413,1.3827,1.1287,0.647,0.2776,4.618,0.1773,-98331082.59,-50298948.56,-14645873.46,-373232098.62,-572540439.93,1634297348.62,268420100.68,468856661.86,-67816567.12,2910926623.05,1531142550.89,1425777433.19,3833228366.65,-868641432.73,-0.0226,1.8993,-0.0826,-0.5,-0.2252,-0.029,-0.2148,-0.3296,-4.471,26.8305,73.1695,32.6673,-4.471,10.9517,24.0076,-2.292,-0.7331,109.2849,-5.5156,-4.7495,-1.1824,-1.18,-1.8133,-0.8422,-0.7928,-1.2814,-2.3648,-1.6844,41.3458,1.7049,1.8003,62.7054,37.2946,50.7489,12.2314,86.0751,87.0985,12.9015,-0.0695,0.7049,1.3913,7.0372,1.2274,6.2086,,-0.0605,460.4856,-1.5856,-0.6568,296823298.8,-5.5254,8.5744,102.387,0.5225,-0.0021,0.2603,-7.6182,33.3333,33.3333,65.0,30.824,23.8273,30.9948,23.71,65.1915,8.1793,-0.5654,-7.6166,-1.0775,12.7828,12.7828,19.7719,115.4365,-24.8478
300098.SZ,20210429,20210331,-0.0322,-0.0322,0.2237,0.2237,1.4472,0.0691,-0.5766,3669818.54,-60086647.85,114679733.77,1.7048,1.3237,1.081,0.2475,0.0999,1.7655,0.0644,-82375544.59,-64547891.51,,-422080650.7,-528554144.87,1731398092.52,291427229.34,545440554.93,-136266246.28,2891736622.7,1565684960.88,1374053389.22,3891804462.06,-886293510.64,-0.0323,1.8787,-0.053,-0.5076,-0.1449,-0.037,-0.2417,-0.3027,-16.0037,29.3592,70.6408,47.549,-16.0037,15.0198,35.5288,-2.9996,0.1082,121.089,-17.6839,-16.525,-1.7055,-1.71,-1.8164,-1.0648,-1.0313,-1.6322,-6.822,-4.2592,43.4223,1.7675,1.8325,64.0304,35.9696,48.8913,14.0151,84.2944,86.497,13.503,-0.0417,0.7675,1.2773,6.0145,1.1259,5.3017,,-0.0361,635.5397,-4.1252,-0.9307,275495015.58,-17.6029,15.0198,121.089,-1.7055,-1.8164,-1.0313,-23.7072,-7.3333,-7.3333,71.4286,13.1827,7.8546,4.3457,13.95,71.4264,-27.6641,-1.6439,-4.7387,-1.6437,2.543,2.543,2.543,93.2732,-25.0734
300098.SZ,20210429,20210331,-0.0322,-0.0322,0.2237,0.2237,1.4472,0.0691,-0.5766,3669818.54,-60086647.85,114679733.77,1.7048,1.3237,1.081,0.2475,0.0999,1.7655,0.0644,-82375544.59,-64547891.51,,-422080650.7,-528554144.87,1731398092.52,291427229.34,545440554.93,-136266246.28,2891736622.7,1565684960.88,1374053389.22,3891804462.06,-886293510.64,-0.0323,1.8787,-0.053,-0.5076,-0.1449,-0.037,-0.2417,-0.3027,-16.0037,29.3592,70.6408,47.549,-16.0037,15.0198,35.5288,-2.9996,0.1082,121.089,-17.6839,-16.525,-1.7055,-1.71,-1.8164,-1.0648,-1.0313,-1.6322,-6.822,-4.2592,43.4223,1.7675,1.8325,64.0304,35.9696,48.8913,14.0151,84.2944,86.497,13.503,-0.0417,0.7675,1.2773,6.0145,1.1259,5.3017,,-0.0361,635.5397,-4.1252,-0.9307,275495015.58,-17.6029,15.0198,121.089,-1.7055,-1.8164,-1.0313,-23.7072,-7.3333,-7.3333,71.4286,13.1827,7.8546,4.3457,13.95,71.4264,-27.6641,-1.6439,-4.7387,-1.6437,2.543,2.543,2.543,93.2732,-25.0734
300098.SZ,20210421,20201231,-0.63,-0.63,1.3321,1.3321,1.4463,0.0691,-0.5443,52711098.9,-1155470965.89,590973620.02,1.6382,1.359,1.1563,1.3271,0.5403,11.6612,0.331,-1277660911.58,-1179198073.94,-1090370882.52,-771256881.0,-669474749.48,1892754254.4,298639510.04,610534724.06,-406548196.32,2949178280.67,1570757138.9,1122048942.58,4017453171.71,-829876681.33,-0.6315,1.9101,-0.1154,-0.4753,-0.2003,-0.6753,-0.4417,-0.3834,-47.9692,25.4063,74.5937,39.4141,-47.9692,12.1286,28.5151,-1.2295,-33.8266,154.9275,-51.744,-50.6945,-28.2382,-28.38,-29.588,-16.7813,-15.8791,-25.7972,-28.2382,-16.7813,45.128,1.8224,1.7994,64.9378,35.0622,47.4996,15.1971,83.0226,87.837,12.163,-0.0819,0.8224,1.1904,5.4631,1.0526,4.8305,,-0.0719,424.8387,-15.8791,-15.6935,274901653.62,-51.3083,11.9413,222.0897,-25.7886,-26.1986,-14.9751,28.9069,5.9701,5.9701,-6.0662,0.0516,0.3965,4.7089,2.35,-5.0844,-27.8497,-24.737,-20.8549,-25.4663,-13.6322,-13.6322,61.6114,-1012.3733,-25.4663
300098.SZ,20210421,20201231,-0.63,-0.63,1.3321,1.3321,1.4463,0.0691,-0.5443,52711098.9,-1155470965.89,590973620.02,1.6382,1.359,1.1563,1.3271,0.5403,11.6612,0.331,-1277660911.58,-1179198073.94,-1090370882.52,-771256881.0,-669474749.48,1892754254.4,298639510.04,610534724.06,-406548196.32,2949178280.67,1570757138.9,1122048942.58,4017453171.71,-829876681.33,-0.6315,1.9101,-0.1154,-0.4753,-0.2003,-0.6753,-0.4417,-0.3834,-47.9692,25.4063,74.5937,39.4141,-47.9692,12.1286,28.5151,-1.2295,-33.8266,154.9275,-51.744,-50.6945,-28.2382,-28.38,-29.588,-16.7813,-15.8791,-25.7972,-28.2382,-16.7813,45.128,1.8224,1.7994,64.9378,35.0622,47.4996,15.1971,83.0226,87.837,12.163,-0.0819,0.8224,1.1904,5.4631,1.0526,4.8305,,-0.0719,424.8387,-15.8791,-15.6935,274901653.62,-51.3083,11.9413,222.0897,-25.7886,-26.1986,-14.9751,28.9069,5.9701,5.9701,-6.0662,0.0516,0.3965,4.7089,2.35,-5.0844,-27.8497,-24.737,-20.8549,-25.4663,-13.6322,-13.6322,61.6114,-1012.3733,-25.4663
300098.SZ,20201030,20200930,-0.0658,-0.0658,0.841,0.841,1.4473,0.069,0.0208,37016636.48,-152487665.99,383869669.27,1.7706,1.4131,1.1489,0.8464,0.3456,7.2694,0.1978,-231675354.67,-132394189.37,,-961144280.08,-752684845.02,1676325861.47,332516467.63,610784601.98,-174580373.9,3200889828.19,1708071359.58,1462890985.68,4999928554.44,156921646.88,-0.0661,2.4735,-0.2571,0.0898,-0.2855,-0.0758,-0.5501,-0.4308,-8.5839,26.1251,73.8749,39.0162,-8.5839,12.2378,28.0122,-1.2337,-1.5819,115.7672,-12.0293,-9.0104,-2.6254,-2.64,-3.467,-1.7826,-1.6983,-2.6153,-3.5005,-2.3768,37.3764,1.5968,1.6886,55.9953,44.0047,45.6698,12.2159,86.4289,84.6117,15.3883,-0.2027,0.5968,1.6496,7.0751,1.2219,5.2406,,-0.1715,518.0251,-2.2644,-1.5548,275414806.53,-11.4538,13.4219,121.5287,-1.3459,-1.6906,-0.8924,-6.9495,-287.4644,-288.0,-2.6347,-423.4458,-364.224,-290.1605,-437.64,-1.6614,-351.9598,-2.5375,-10.6581,-3.4332,-32.0724,-32.0724,-3.4314,-1793.07,-24.5274
300098.SZ,20201030,20200930,-0.0658,-0.0658,0.841,0.841,1.4473,0.069,0.0208,37016636.48,-152487665.99,383869669.27,1.7706,1.4131,1.1489,0.8464,0.3456,7.2694,0.1978,-231675354.67,-132394189.37,,-961144280.08,-752684845.02,1676325861.47,332516467.63,610784601.98,-174580373.9,3200889828.19,1708071359.58,1462890985.68,4999928554.44,156921646.88,-0.0661,2.4735,-0.2571,0.0898,-0.2855,-0.0758,-0.5501,-0.4308,-8.5839,26.1251,73.8749,39.0162,-8.5839,12.2378,28.0122,-1.2337,-1.5819,115.7672,-12.0293,-9.0104,-2.6254,-2.64,-3.467,-1.7826,-1.6983,-2.6153,-3.5005,-2.3768,37.3764,1.5968,1.6886,55.9953,44.0047,45.6698,12.2159,86.4289,84.6117,15.3883,-0.2027,0.5968,1.6496,7.0751,1.2219,5.2406,,-0.1715,518.0251,-2.2644,-1.5548,275414806.53,-11.4538,13.4219,121.5287,-1.3459,-1.6906,-0.8924,-6.9495,-287.4644,-288.0,-2.6347,-423.4458,-364.224,-290.1605,-437.64,-1.6614,-351.9598,-2.5375,-10.6581,-3.4332,-32.0724,-32.0724,-3.4314,-1793.07,-24.5274
300098.SZ,20200828,20200630,-0.0324,-0.0324,0.5375,0.5375,1.453,0.069,0.0544,22000961.78,-78846457.39,278071288.9,1.7813,1.4166,1.188,0.5182,0.2174,4.6697,0.125,-117499601.88,-52707571.53,-13020534.31,-728304376.4,-570830602.48,1831303683.12,352482012.7,526683167.17,-254483301.55,3332642255.46,1780090107.08,1446056805.53,4993178548.58,215547180.78,-0.0325,2.5129,-0.236,0.1234,-0.2723,-0.0302,-0.4169,-0.3267,-6.6908,29.6132,70.3868,39.2319,-6.6908,11.569,29.197,-1.534,-1.4696,112.5131,-8.9924,-5.6131,-1.2824,-1.28,-1.7787,-0.7017,-0.8365,-1.0419,-2.5648,-1.4034,37.7662,1.6068,1.6944,56.5494,43.4506,46.4353,10.5481,87.9273,84.0606,15.9394,-0.181,0.6068,1.6198,8.3359,1.2295,6.3276,,-0.1521,559.7706,-1.673,-0.7568,272743559.92,-8.181,9.9858,104.1659,0.0487,-0.2058,0.0381,-15.8118,-130.2239,-130.3371,-4.4248,-143.6908,-138.5247,-130.7083,-145.03,-3.436,-140.9091,-0.9851,-8.5141,-1.8916,-41.8184,-41.8184,-7.5161,93.8711,-24.9354
300098.SZ,20200828,20200630,-0.0324,-0.0324,0.5375,0.5375,1.453,0.069,0.0544,22000961.78,-78846457.39,278071288.9,1.7813,1.4166,1.188,0.5182,0.2174,4.6697,0.125,-117499601.88,-52707571.53,-13020534.31,-728304376.4,-570830602.48,1831303683.12,352482012.7,526683167.17,-254483301.55,3332642255.46,1780090107.08,1446056805.53,4993178548.58,215547180.78,-0.0325,2.5129,-0.236,0.1234,-0.2723,-0.0302,-0.4169,-0.3267,-6.6908,29.6132,70.3868,39.2319,-6.6908,11.569,29.197,-1.534,-1.4696,112.5131,-8.9924,-5.6131,-1.2824,-1.28,-1.7787,-0.7017,-0.8365,-1.0419,-2.5648,-1.4034,37.7662,1.6068,1.6944,56.5494,43.4506,46.4353,10.5481,87.9273,84.0606,15.9394,-0.181,0.6068,1.6198,8.3359,1.2295,6.3276,,-0.1521,559.7706,-1.673,-0.7568,272743559.92,-8.181,9.9858,104.1659,0.0487,-0.2058,0.0381,-15.8118,-130.2239,-130.3371,-4.4248,-143.6908,-138.5247,-130.7083,-145.03,-3.436,-140.9091,-0.9851,-8.5141,-1.8916,-41.8184,-41.8184,-7.5161,93.8711,-24.9354
300098.SZ,20200428,20200331,-0.0336,-0.0336,0.218,0.218,1.4473,0.069,0.0531,10844905.84,-69824827.85,96484422.83,1.7295,1.4101,1.131,0.2259,0.0879,2.2141,0.0507,-94250030.77,-65461280.68,,-637996016.34,-571084372.34,1826657010.22,277512688.6,635531804.16,-316162277.95,3321567362.97,1725879972.4,1313435863.14,5082976413.61,213412754.38,-0.0338,2.5061,-0.1855,0.1222,-0.2163,-0.0375,-0.3652,-0.3269,-17.211,25.3292,74.6708,43.742,-17.211,13.8884,33.0762,-3.2226,-1.4273,124.7426,-20.8871,-17.185,-1.3324,-1.33,-1.5774,-0.871,-0.8723,-1.2826,-5.3296,-3.484,38.1195,1.616,1.6979,56.932,43.068,46.2154,12.5031,86.1382,86.3564,13.6436,-0.137,0.616,1.5981,6.8893,1.2124,5.2264,,-0.1183,654.5248,-3.4892,-0.7847,267686487.8,-19.5892,13.8884,124.7426,-1.3324,-1.5774,-0.8723,-85.0789,-144.2105,-144.6215,-22.5231,-160.2947,-151.0964,-144.0058,-154.15,-21.3268,-157.6355,-1.253,-8.3844,-2.1594,-62.3031,-62.3031,-62.3031,93.6798,-23.6481
300098.SZ,20200428,20200331,-0.0336,-0.0336,0.218,0.218,1.4473,0.069,0.0531,10844905.84,-69824827.85,96484422.83,1.7295,1.4101,1.131,0.2259,0.0879,2.2141,0.0507,-94250030.77,-65461280.68,,-637996016.34,-571084372.34,1826657010.22,277512688.6,635531804.16,-316162277.95,3321567362.97,1725879972.4,1313435863.14,5082976413.61,213412754.38,-0.0338,2.5061,-0.1855,0.1222,-0.2163,-0.0375,-0.3652,-0.3269,-17.211,25.3292,74.6708,43.742,-17.211,13.8884,33.0762,-3.2226,-1.4273,124.7426,-20.8871,-17.185,-1.3324,-1.33,-1.5774,-0.871,-0.8723,-1.2826,-5.3296,-3.484,38.1195,1.616,1.6979,56.932,43.068,46.2154,12.5031,86.1382,86.3564,13.6436,-0.137,0.616,1.5981,6.8893,1.2124,5.2264,,-0.1183,654.5248,-3.4892,-0.7847,267686487.8,-19.5892,13.8884,124.7426,-1.3324,-1.5774,-0.8723,-85.0789,-144.2105,-144.6215,-22.5231,-160.2947,-151.0964,-144.0058,-154.15,-21.3268,-157.6355,-1.253,-8.3844,-2.1594,-62.3031,-62.3031,-62.3031,93.6798,-23.6481
300098.SZ,20200428,20191231,-0.67,-0.67,1.5274,1.5274,1.472,0.0707,0.1068,26007968.11,-1183262354.18,720067793.48,1.5749,1.3287,1.1409,1.5088,0.6079,16.2821,0.3326,-1274807438.85,-1205253698.96,-1155014471.75,-501134439.3,80895226.7,2420723427.84,299566696.12,574418103.6,-757827004.94,3429190304.49,1671435712.44,825788707.5,5124599607.56,313026340.75,-0.6563,2.5379,-0.1088,0.1775,0.0428,-0.6835,-0.2842,0.0459,-43.7303,26.7362,73.2638,32.3821,-43.7303,10.4678,24.2731,-2.3588,-38.7664,147.3337,-44.7132,-44.7512,-22.9825,-22.99,-23.499,-14.8842,-14.5447,-22.2594,-22.9825,-14.8842,41.9981,1.7241,1.6081,58.3661,41.6339,43.7124,11.209,87.3242,88.2422,11.7578,-0.066,0.7241,1.3582,7.7905,1.0408,5.9699,,-0.0582,357.4474,-14.5447,-14.2914,265126866.41,-44.4903,17.9556,345.2923,-23.8801,-24.0849,-14.5767,47.1715,-316.129,-316.129,-23.777,-312.7953,-309.3001,-314.4779,-325.36,-23.7068,-368.1903,-19.9729,-6.0513,-20.0277,-24.4075,-24.4075,-47.6273,-808.1497,-20.0277
300098.SZ,20200428,20191231,-0.67,-0.67,1.5274,1.5274,1.472,0.0707,0.1068,26007968.11,-1183262354.18,720067793.48,1.5749,1.3287,1.1409,1.5088,0.6079,16.2821,0.3326,-1274807438.85,-1205253698.96,-1155014471.75,-501134439.3,80895226.7,2420723427.84,299566696.12,574418103.6,-757827004.94,3429190304.49,1671435712.44,825788707.5,5124599607.56,313026340.75,-0.6563,2.5379,-0.1088,0.1775,0.0428,-0.6835,-0.2842,0.0459,-43.7303,26.7362,73.2638,32.3821,-43.7303,10.4678,24.2731,-2.3588,-38.7664,147.3337,-44.7132,-44.7512,-22.9825,-22.99,-23.499,-14.8842,-14.5447,-22.2594,-22.9825,-14.8842,41.9981,1.7241,1.6081,58.3661,41.6339,43.7124,11.209,87.3242,88.2422,11.7578,-0.066,0.7241,1.3582,7.7905,1.0408,5.9699,,-0.0582,357.4474,-14.5447,-14.2914,265126866.41,-44.4903,17.9556,345.2923,-23.8801,-24.0849,-14.5767,47.1715,-316.129,-316.129,-23.777,-312.7953,-309.3001,-314.4779,-325.36,-23.7068,-368.1903,-19.9729,-6.0513,-20.0277,-24.4075,-24.4075,-47.6273,-808.1497,-20.0277
300098.SZ,20191030,20190930,0.0351,0.035,1.2264,1.2264,1.4773,0.0716,0.8067,15559790.02,45163138.34,640732577.19,1.5255,1.3095,1.0999,1.134,0.4933,13.0587,0.2473,25537686.08,82026495.2,,-381097584.0111,16595758.7789,2570051843.68,329419172.18,425232124.97,-551613061.23,3663988245.83,1545784503.4,940171442.17,6243267571.54,1549314078.15,0.0344,3.2462,-0.2505,0.8784,-0.1326,0.0465,-0.2161,0.0094,2.7902,29.6208,70.3792,27.5213,2.7902,8.6328,21.3411,-2.4526,-0.1035,98.8194,2.5263,3.7921,1.0727,1.07,0.7978,0.9378,0.6901,1.3011,1.4303,1.2504,36.3644,1.5714,1.5451,49.0779,50.9221,40.0754,6.8111,91.711,88.4676,11.5324,-0.1502,0.5714,1.7222,13.465,1.102,8.6164,,-0.1329,346.4985,0.9201,0.6943,269653018.21,2.9446,13.0846,126.034,-2.1494,-2.2449,-1.3787,-7.8684,-84.6859,-84.5951,-14.8029,-87.6499,-85.6122,-84.5609,-88.38,-14.5046,-85.2263,2.3618,9.4914,2.3242,-15.1927,-15.1927,-52.2444,-326.1002,4.5038
300098.SZ,20191030,20190930,0.0351,0.035,1.2264,1.2264,1.4773,0.0716,0.8067,15559790.02,45163138.34,640732577.19,1.5255,1.3095,1.0999,1.134,0.4933,13.0587,0.2473,25537686.08,82026495.2,,-381097584.0111,16595758.7789,2570051843.68,329419172.18,425232124.97,-551613061.23,3663988245.83,1545784503.4,940171442.17,6243267571.54,1549314078.15,0.0344,3.2462,-0.2505,0.8784,-0.1326,0.0465,-0.2161,0.0094,2.7902,29.6208,70.3792,27.5213,2.7902,8.6328,21.3411,-2.4526,-0.1035,98.8194,2.5263,3.7921,1.0727,1.07,0.7978,0.9378,0.6901,1.3011,1.4303,1.2504,36.3644,1.5714,1.5451,49.0779,50.9221,40.0754,6.8111,91.711,88.4676,11.5324,-0.1502,0.5714,1.7222,13.465,1.102,8.6164,,-0.1329,346.4985,0.9201,0.6943,269653018.21,2.9446,13.0846,126.034,-2.1494,-2.2449,-1.3787,-7.8684,-84.6859,-84.5951,-14.8029,-87.6499,-85.6122,-84.5609,-88.38,-14.5046,-85.2263,2.3618,9.4914,2.3242,-15.1927,-15.1927,-52.2444,-326.1002,4.5038
300098.SZ,20190830,20190630,0.1072,0.1068,0.915,0.915,1.4769,0.0763,0.8726,10031437.57,175083187.51,563524160.23,1.6276,1.3931,1.2183,0.812,0.3733,10.1361,0.1868,168512629.37,194984646.96,216166739.95,-240771662.2107,-114421662.2107,2531484085.0,309225997.18,150355971.13,-645614550.67,3837027514.2,1683067612.75,1037453062.08,6091119749.03,1673705774.87,0.1049,3.3159,-0.226,0.9489,-0.2232,0.1105,-0.1365,-0.0649,11.4598,34.9163,65.0837,23.319,11.4598,7.1179,18.1749,-1.9738,0.1349,89.5589,11.9749,12.0814,3.235,3.25,3.0597,2.2565,2.1404,3.0664,6.47,4.513,33.4877,1.5035,1.5101,48.8691,51.1309,42.959,2.4684,96.0216,89.6617,10.3383,-0.1486,0.5035,1.9554,38.8996,1.2828,25.5196,,-0.1333,325.8416,4.2808,2.1423,249373386.73,12.3554,10.1108,93.5805,0.8821,0.7964,0.5868,-21.7939,-25.9157,-25.7302,2.1645,-30.0804,-28.3556,-26.122,-28.85,2.4078,-32.3821,4.5596,6.9656,4.5227,15.2286,15.2286,0.8611,-53.5387,9.2581
300098.SZ,20190830,20190630,0.1072,0.1068,0.915,0.915,1.4769,0.0763,0.8726,10031437.57,175083187.51,563524160.23,1.6276,1.3931,1.2183,0.812,0.3733,10.1361,0.1868,168512629.37,194984646.96,216166739.95,-240771662.2107,-114421662.2107,2531484085.0,309225997.18,150355971.13,-645614550.67,3837027514.2,1683067612.75,1037453062.08,6091119749.03,1673705774.87,0.1049,3.3159,-0.226,0.9489,-0.2232,0.1105,-0.1365,-0.0649,11.4598,34.9163,65.0837,23.319,11.4598,7.1179,18.1749,-1.9738,0.1349,89.5589,11.9749,12.0814,3.235,3.25,3.0597,2.2565,2.1404,3.0664,6.47,4.513,33.4877,1.5035,1.5101,48.8691,51.1309,42.959,2.4684,96.0216,89.6617,10.3383,-0.1486,0.5035,1.9554,38.8996,1.2828,25.5196,,-0.1333,325.8416,4.2808,2.1423,249373386.73,12.3554,10.1108,93.5805,0.8821,0.7964,0.5868,-21.7939,-25.9157,-25.7302,2.1645,-30.0804,-28.3556,-26.122,-28.85,2.4078,-32.3821,4.5596,6.9656,4.5227,15.2286,15.2286,0.8611,-53.5387,9.2581
300098.SZ,20190427,20190331,0.076,0.0753,0.5727,0.5727,1.4698,0.0743,0.8652,5071188.49,128956508.47,324143827.46,1.6434,1.4434,1.2127,0.5005,0.2294,6.363,0.1173,129774372.05,151467563.65,,-250809949.6863,-250959949.6863,2727941267.65,308889451.83,27790482.91,-748706283.36,3777445618.91,1773005971.86,1024299688.5,5845117380.09,1657711263.59,0.076,3.2499,-0.1514,0.9395,-0.1819,0.0858,-0.1421,-0.1422,13.1314,32.0781,67.9219,17.0776,13.1314,5.3306,13.6425,-1.8955,,87.1572,13.0588,14.9896,2.3659,2.37,2.2763,1.758,1.54,2.3832,9.4636,7.032,34.5039,1.5268,1.5209,50.9881,49.0119,42.5295,0.4754,98.1072,89.9208,10.0792,-0.0969,0.5268,1.8712,206.347,1.2326,135.9259,,-0.0872,254.4471,6.16,1.5556,247236984.53,14.4522,5.3306,87.1572,2.3659,2.2763,1.54,-26.4345,10.7872,11.0619,47.7029,-0.3428,10.3024,10.8903,7.52,21.4698,0.3396,2.4785,6.3682,2.48,25.9421,25.9421,25.9421,6.9079,10.515
300098.SZ,20190427,20190331,0.076,0.0753,0.5727,0.5727,1.4698,0.0743,0.8652,5071188.49,128956508.47,324143827.46,1.6434,1.4434,1.2127,0.5005,0.2294,6.363,0.1173,129774372.05,151467563.65,,-250809949.6863,-250959949.6863,2727941267.65,308889451.83,27790482.91,-748706283.36,3777445618.91,1773005971.86,1024299688.5,5845117380.09,1657711263.59,0.076,3.2499,-0.1514,0.9395,-0.1819,0.0858,-0.1421,-0.1422,13.1314,32.0781,67.9219,17.0776,13.1314,5.3306,13.6425,-1.8955,,87.1572,13.0588,14.9896,2.3659,2.37,2.2763,1.758,1.54,2.3832,9.4636,7.032,34.5039,1.5268,1.5209,50.9881,49.0119,42.5295,0.4754,98.1072,89.9208,10.0792,-0.0969,0.5268,1.8712,206.347,1.2326,135.9259,,-0.0872,254.4471,6.16,1.5556,247236984.53,14.4522,5.3306,87.1572,2.3659,2.2763,1.54,-26.4345,10.7872,11.0619,47.7029,-0.3428,10.3024,10.8903,7.52,21.4698,0.3396,2.4785,6.3682,2.48,25.9421,25.9421,25.9421,6.9079,10.515
300098.SZ,20190419,20181231,0.31,0.31,2.0192,2.0192,1.467,0.0701,0.7934,14502861.96,525065260.81,1254554590.0,1.7869,1.542,1.3202,2.6049,0.8325,24.8955,0.4487,465524506.53,550156762.62,596642913.97,242994388.7036,172994388.7036,2370932520.12,274683456.35,25669149.46,-1171519390.38,3669114072.67,1885923837.11,714404446.73,5704572614.28,1523683566.63,0.3058,3.1713,-0.0879,0.8635,-0.3041,0.3118,0.1377,0.098,15.3454,35.2123,64.7877,20.0585,15.3454,6.6047,15.5816,-2.1278,1.6019,86.9339,15.8837,15.4416,10.1228,10.87,9.8508,6.928,6.8849,9.5951,10.1228,6.928,31.9907,1.4704,1.4898,51.2866,48.7134,43.9405,0.45,98.0917,89.7172,10.2828,-0.0647,0.4704,2.0948,217.9936,1.3735,142.9387,,-0.058,253.4823,6.8849,6.7947,239549309.08,16.0685,8.7579,93.2772,2.6414,2.4658,1.9131,22.8064,24.0,24.0,-191.658,26.2321,25.6346,32.1592,35.11,-237.6419,19.6177,-26.4302,10.8651,10.4846,59.2669,59.2669,15.0622,-25.674,10.4846
300098.SZ,20190419,20181231,0.31,0.31,2.0192,2.0192,1.467,0.0701,0.7934,14502861.96,525065260.81,1254554590.0,1.7869,1.542,1.3202,2.6049,0.8325,24.8955,0.4487,465524506.53,550156762.62,596642913.97,242994388.7036,172994388.7036,2370932520.12,274683456.35,25669149.46,-1171519390.38,3669114072.67,1885923837.11,714404446.73,5704572614.28,1523683566.63,0.3058,3.1713,-0.0879,0.8635,-0.3041,0.3118,0.1377,0.098,15.3454,35.2123,64.7877,20.0585,15.3454,6.6047,15.5816,-2.1278,1.6019,86.9339,15.8837,15.4416,10.1228,10.87,9.8508,6.928,6.8849,9.5951,10.1228,6.928,31.9907,1.4704,1.4898,51.2866,48.7134,43.9405,0.45,98.0917,89.7172,10.2828,-0.0647,0.4704,2.0948,217.9936,1.3735,142.9387,,-0.058,253.4823,6.8849,6.7947,239549309.08,16.0685,8.7579,93.2772,2.6414,2.4658,1.9131,22.8064,24.0,24.0,-191.658,26.2321,25.6346,32.1592,35.11,-237.6419,19.6177,-26.4302,10.8651,10.4846,59.2669,59.2669,15.0622,-25.674,10.4846
300098.SZ,20181024,20180930,0.2292,0.2272,1.4422,1.4422,1.4714,0.0612,0.7179,4784294.71,388522796.31,933121640.2,1.8034,1.5403,1.2728,2.054,0.6028,17.9016,0.3267,397475479.14,470086875.66,,61237853.5819,90237853.5819,2199579567.55,189985169.14,121651169.28,-1041193157.21,3671796733.27,1864811701.44,823618544.23,5690970674.4,1377939768.68,0.2224,3.098,-0.2182,0.7791,-0.2413,0.2658,0.0346,0.051,15.2731,36.5841,63.4159,19.9165,15.2731,5.7501,15.8682,-1.7018,0.7462,84.4165,17.3479,18.4303,7.4605,7.43,7.3698,6.022,4.9904,7.5638,9.9473,8.0293,31.0773,1.4509,1.4807,51.804,48.196,45.44,2.1376,96.2754,92.4345,7.5655,-0.1662,0.4509,2.1818,45.0386,1.4622,30.183,,-0.1537,256.8164,6.6539,5.0384,237086804.33,17.3565,5.188,86.1294,2.6355,2.63,1.9008,1.9645,26.6998,27.5688,-1214.4578,44.9948,38.6283,35.3469,39.54,-1995.9597,0.3046,-28.1307,7.2849,8.1803,87.917,87.917,118.2536,15.3235,34.9359
300098.SZ,20181024,20180930,0.2292,0.2272,1.4422,1.4422,1.4714,0.0612,0.7179,4784294.71,388522796.31,933121640.2,1.8034,1.5403,1.2728,2.054,0.6028,17.9016,0.3267,397475479.14,470086875.66,,61237853.5819,90237853.5819,2199579567.55,189985169.14,121651169.28,-1041193157.21,3671796733.27,1864811701.44,823618544.23,5690970674.4,1377939768.68,0.2224,3.098,-0.2182,0.7791,-0.2413,0.2658,0.0346,0.051,15.2731,36.5841,63.4159,19.9165,15.2731,5.7501,15.8682,-1.7018,0.7462,84.4165,17.3479,18.4303,7.4605,7.43,7.3698,6.022,4.9904,7.5638,9.9473,8.0293,31.0773,1.4509,1.4807,51.804,48.196,45.44,2.1376,96.2754,92.4345,7.5655,-0.1662,0.4509,2.1818,45.0386,1.4622,30.183,,-0.1537,256.8164,6.6539,5.0384,237086804.33,17.3565,5.188,86.1294,2.6355,2.63,1.9008,1.9645,26.6998,27.5688,-1214.4578,44.9948,38.6283,35.3469,39.54,-1995.9597,0.3046,-28.1307,7.2849,8.1803,87.917,87.917,118.2536,15.3235,34.9359
300098.SZ,20180830,20180630,0.1447,0.1438,0.792,0.792,1.4695,0.0556,0.6431,4490726.98,246077258.09,548211563.47,1.9681,1.6386,1.2787,1.3527,0.3428,10.5646,0.1853,237964917.93,265473397.71,284381586.16,-64311593.6749,-35311593.6749,1852262599.73,176623455.99,126254512.15,-1060790955.21,3546503305.72,1915487892.97,854696937.76,5560532742.03,1235649687.28,0.1417,3.0268,-0.231,0.6987,-0.2245,0.1501,-0.0364,-0.02,17.1803,39.1403,60.8597,21.9128,17.1803,6.2117,17.9578,-2.2567,-0.2721,83.0102,19.7348,18.9538,4.8103,4.79,4.7241,3.5113,3.1827,4.2474,9.6206,7.0226,28.3966,1.3966,1.4515,51.3083,48.6917,46.7296,2.2705,96.2711,91.8046,8.1954,-0.2065,0.3966,2.4839,42.3999,1.6456,28.0901,,-0.1895,296.0221,6.3654,3.3141,209759541.05,19.8717,6.5386,80.4738,2.4607,2.3931,1.6557,-11.4192,21.5966,22.5916,-1841.1765,39.0816,31.8144,31.0862,36.42,-2996.3754,-2.4469,-29.7824,0.7644,5.6961,68.668,68.668,6.1856,8.7528,34.3742
300098.SZ,20180830,20180630,0.1447,0.1438,0.792,0.792,1.4695,0.0556,0.6431,4490726.98,246077258.09,548211563.47,1.9681,1.6386,1.2787,1.3527,0.3428,10.5646,0.1853,237964917.93,265473397.71,284381586.16,-64311593.6749,-35311593.6749,1852262599.73,176623455.99,126254512.15,-1060790955.21,3546503305.72,1915487892.97,854696937.76,5560532742.03,1235649687.28,0.1417,3.0268,-0.231,0.6987,-0.2245,0.1501,-0.0364,-0.02,17.1803,39.1403,60.8597,21.9128,17.1803,6.2117,17.9578,-2.2567,-0.2721,83.0102,19.7348,18.9538,4.8103,4.79,4.7241,3.5113,3.1827,4.2474,9.6206,7.0226,28.3966,1.3966,1.4515,51.3083,48.6917,46.7296,2.2705,96.2711,91.8046,8.1954,-0.2065,0.3966,2.4839,42.3999,1.6456,28.0901,,-0.1895,296.0221,6.3654,3.3141,209759541.05,19.8717,6.5386,80.4738,2.4607,2.3931,1.6557,-11.4192,21.5966,22.5916,-1841.1765,39.0816,31.8144,31.0862,36.42,-2996.3754,-2.4469,-29.7824,0.7644,5.6961,68.668,68.668,6.1856,8.7528,34.3742
300098.SZ,20180425,20180331,0.1029,0.1017,0.6829,0.6829,2.667,0.0758,0.9051,928880.93,119936262.63,299537675.28,1.9178,1.6136,1.254,0.8115,0.1968,6.1996,0.107,121141508.39,119977732.21,,-223939183.8574,-154939183.8574,1863224608.38,169813419.52,158405879.1,-988412769.04,3384051076.35,1855414868.19,867002099.15,5433030083.02,1152466748.77,0.1029,4.4163,-0.2895,0.9809,-0.205,0.1021,-0.1906,-0.1319,14.4573,37.333,62.667,22.4384,14.4573,5.9679,18.0184,-1.5478,-0.9113,84.9015,16.5032,14.9535,2.3575,2.36,2.3394,1.5999,1.5468,1.9685,9.43,6.3996,29.352,1.4155,1.4627,51.9289,48.0711,45.3257,2.9156,95.5061,92.2511,7.7489,-0.1683,0.4155,2.3678,32.7568,1.5442,21.3632,,-0.1552,245.717,6.1872,1.6118,202119137.21,16.5013,5.9679,84.9015,2.3575,2.3394,1.5468,-42.3941,55.2036,53.8578,-104.0169,125.2869,67.9638,70.1612,84.91,-123.1069,25.4925,2.4521,-0.8733,2.4518,200.5375,200.5375,200.5375,-7.4291,35.5948
300098.SZ,20180425,20180331,0.1029,0.1017,0.6829,0.6829,2.667,0.0758,0.9051,928880.93,119936262.63,299537675.28,1.9178,1.6136,1.254,0.8115,0.1968,6.1996,0.107,121141508.39,119977732.21,,-223939183.8574,-154939183.8574,1863224608.38,169813419.52,158405879.1,-988412769.04,3384051076.35,1855414868.19,867002099.15,5433030083.02,1152466748.77,0.1029,4.4163,-0.2895,0.9809,-0.205,0.1021,-0.1906,-0.1319,14.4573,37.333,62.667,22.4384,14.4573,5.9679,18.0184,-1.5478,-0.9113,84.9015,16.5032,14.9535,2.3575,2.36,2.3394,1.5999,1.5468,1.9685,9.43,6.3996,29.352,1.4155,1.4627,51.9289,48.0711,45.3257,2.9156,95.5061,92.2511,7.7489,-0.1683,0.4155,2.3678,32.7568,1.5442,21.3632,,-0.1552,245.717,6.1872,1.6118,202119137.21,16.5013,5.9679,84.9015,2.3575,2.3394,1.5468,-42.3941,55.2036,53.8578,-104.0169,125.2869,67.9638,70.1612,84.91,-123.1069,25.4925,2.4521,-0.8733,2.4518,200.5375,200.5375,200.5375,-7.4291,35.5948
300098.SZ,20180425,20171231,0.38,0.38,1.904,1.904,2.6641,0.0712,0.8068,19657456.17,388614005.17,805470278.93,1.9532,1.5461,1.2852,2.689,0.6536,21.5386,0.3619,381368716.7,428484303.66,458247134.87,282545391.9413,282265391.9413,2097097028.02,187892524.12,92632510.65,-1513527725.18,3259492745.56,2087208136.63,573680411.45,5246855515.65,1031601605.2,0.3475,4.3106,0.0959,0.878,0.4898,0.3647,0.2405,0.2402,17.8851,36.0064,63.9936,17.4036,17.8851,7.0102,13.4125,-3.0191,1.0244,82.9519,20.0405,19.1542,9.2574,10.31,8.8117,6.9322,6.4729,8.321,9.2574,6.9322,31.5676,1.4613,1.4015,56.7847,43.2153,43.2762,1.7655,96.5282,92.0975,7.9025,0.0514,0.4613,2.1302,54.6751,1.3709,35.1874,,0.0474,287.4821,6.4729,6.6052,198692048.71,20.37,7.6749,87.3355,2.5792,2.415,1.8565,14.8959,26.6667,31.0345,-63.1437,58.8287,28.0811,29.2171,27.5,-59.7242,-4.1791,23.3538,55.9317,34.8528,71.0696,71.0696,133.6472,34.4339,34.8528
300098.SZ,20180425,20171231,0.38,0.38,1.904,1.904,2.6641,0.0712,0.8068,19657456.17,388614005.17,805470278.93,1.9532,1.5461,1.2852,2.689,0.6536,21.5386,0.3619,381368716.7,428484303.66,458247134.87,282545391.9413,282265391.9413,2097097028.02,187892524.12,92632510.65,-1513527725.18,3259492745.56,2087208136.63,573680411.45,5246855515.65,1031601605.2,0.3475,4.3106,0.0959,0.878,0.4898,0.3647,0.2405,0.2402,17.8851,36.0064,63.9936,17.4036,17.8851,7.0102,13.4125,-3.0191,1.0244,82.9519,20.0405,19.1542,9.2574,10.31,8.8117,6.9322,6.4729,8.321,9.2574,6.9322,31.5676,1.4613,1.4015,56.7847,43.2153,43.2762,1.7655,96.5282,92.0975,7.9025,0.0514,0.4613,2.1302,54.6751,1.3709,35.1874,,0.0474,287.4821,6.4729,6.6052,198692048.71,20.37,7.6749,87.3355,2.5792,2.415,1.8565,14.8959,26.6667,31.0345,-63.1437,58.8287,28.0811,29.2171,27.5,-59.7242,-4.1791,23.3538,55.9317,34.8528,71.0696,71.0696,133.6472,34.4339,34.8528
300098.SZ,20171030,20170930,0.2713,0.2672,1.2271,1.2271,2.0923,0.0714,0.7552,12163214.77,278428696.81,511521434.05,2.1154,1.8397,1.2907,1.729,0.4889,14.1451,0.2581,269958364.51,275130767.77,,-80636366.1798,-79916366.1798,1393546174.46,158050678.68,17157859.99,-771628267.33,2823006281.62,1573547736.44,801919469.11,4137960898.93,914336785.44,0.2627,3.6709,-0.0166,0.8266,0.1055,0.2487,-0.0729,-0.0722,20.4348,37.6863,62.3137,16.7856,20.4348,6.5794,13.4635,-3.2573,0.5948,80.1108,22.4909,20.2702,7.4357,7.41,7.1244,5.2307,5.2732,6.0241,9.9143,6.9743,27.5725,1.3807,1.3459,52.4514,47.5486,49.6173,0.4146,98.1268,89.9251,10.0749,-0.0131,0.3807,2.5883,236.6524,1.7995,164.5314,,-0.0117,270.9702,7.0309,5.5247,126914976.17,23.5275,6.5004,82.1193,2.4724,2.4377,1.6858,-0.9904,44.8478,42.9642,-280.4348,65.1769,35.2688,44.9098,47.97,-286.0524,29.4783,5.0479,17.7909,8.1137,45.7665,45.7665,65.0992,-23.9642,11.9182
300098.SZ,20171030,20170930,0.2713,0.2672,1.2271,1.2271,2.0923,0.0714,0.7552,12163214.77,278428696.81,511521434.05,2.1154,1.8397,1.2907,1.729,0.4889,14.1451,0.2581,269958364.51,275130767.77,,-80636366.1798,-79916366.1798,1393546174.46,158050678.68,17157859.99,-771628267.33,2823006281.62,1573547736.44,801919469.11,4137960898.93,914336785.44,0.2627,3.6709,-0.0166,0.8266,0.1055,0.2487,-0.0729,-0.0722,20.4348,37.6863,62.3137,16.7856,20.4348,6.5794,13.4635,-3.2573,0.5948,80.1108,22.4909,20.2702,7.4357,7.41,7.1244,5.2307,5.2732,6.0241,9.9143,6.9743,27.5725,1.3807,1.3459,52.4514,47.5486,49.6173,0.4146,98.1268,89.9251,10.0749,-0.0131,0.3807,2.5883,236.6524,1.7995,164.5314,,-0.0117,270.9702,7.0309,5.5247,126914976.17,23.5275,6.5004,82.1193,2.4724,2.4377,1.6858,-0.9904,44.8478,42.9642,-280.4348,65.1769,35.2688,44.9098,47.97,-286.0524,29.4783,5.0479,17.7909,8.1137,45.7665,45.7665,65.0992,-23.9642,11.9182
300098.SZ,20170829,20170630,0.1785,0.176,0.7507,0.7507,2.0837,0.0675,0.6984,10766205.38,180381246.69,317817353.96,2.2362,1.9278,1.5383,1.1201,0.2993,8.6722,0.1604,175743821.29,198928271.06,215781701.48,168172554.5914,168892554.5914,1320734968.28,143140314.44,12522093.71,-1111840339.12,2749346649.46,1648238299.44,536397960.32,4060494450.97,847133920.42,0.1728,3.6016,-0.0119,0.7659,0.202,0.1798,0.152,0.1527,22.0182,38.2724,61.7276,15.9852,22.0182,6.6295,13.2446,-3.8889,0.6605,78.8364,23.9487,23.9555,4.9395,4.93,4.6613,3.8423,3.5316,4.3852,9.879,7.6846,26.7252,1.3647,1.3379,53.9699,46.0301,49.7676,0.3084,98.1109,90.3048,9.6952,-0.0099,0.3647,2.6983,318.1408,1.8622,219.5597,,-0.0089,290.8894,7.0632,3.692,113942305.91,25.4275,5.3498,78.9698,3.0758,2.958,2.2159,24.7172,44.6515,42.9732,89.8637,47.9497,36.366,44.6895,40.73,89.5462,29.2076,3.0648,14.371,6.0726,35.6851,35.6851,48.3843,137.4281,11.9822
300098.SZ,20170829,20170630,0.1785,0.176,0.7507,0.7507,2.0837,0.0675,0.6984,10766205.38,180381246.69,317817353.96,2.2362,1.9278,1.5383,1.1201,0.2993,8.6722,0.1604,175743821.29,198928271.06,215781701.48,168172554.5914,168892554.5914,1320734968.28,143140314.44,12522093.71,-1111840339.12,2749346649.46,1648238299.44,536397960.32,4060494450.97,847133920.42,0.1728,3.6016,-0.0119,0.7659,0.202,0.1798,0.152,0.1527,22.0182,38.2724,61.7276,15.9852,22.0182,6.6295,13.2446,-3.8889,0.6605,78.8364,23.9487,23.9555,4.9395,4.93,4.6613,3.8423,3.5316,4.3852,9.879,7.6846,26.7252,1.3647,1.3379,53.9699,46.0301,49.7676,0.3084,98.1109,90.3048,9.6952,-0.0099,0.3647,2.6983,318.1408,1.8622,219.5597,,-0.0089,290.8894,7.0632,3.692,113942305.91,25.4275,5.3498,78.9698,3.0758,2.958,2.2159,24.7172,44.6515,42.9732,89.8637,47.9497,36.366,44.6895,40.73,89.5462,29.2076,3.0648,14.371,6.0726,35.6851,35.6851,48.3843,137.4281,11.9822
300098.SZ,20170426,20170331,0.0663,0.0661,0.2484,0.2484,1.9128,0.0562,0.6202,6167274.87,64862500.67,119380767.75,2.9001,2.4922,1.9173,0.3819,0.1036,3.4087,0.0549,57251174.99,67735312.05,,-303610774.6702,-302890774.6702,874638167.95,108258824.06,17680492.47,-784377443.42,2592509308.95,1695527838.27,911150394.85,3909156519.77,727016243.89,0.0661,3.5605,-0.1419,0.6764,-0.1075,0.063,-0.2825,-0.2818,25.2576,44.7172,55.2828,23.0519,25.2576,9.3303,17.8754,-4.1538,-0.2638,78.5551,22.0766,25.372,1.8735,1.87,1.7109,1.3934,1.3871,1.5041,7.494,5.5736,20.4531,1.2571,1.2822,52.899,47.101,52.9943,0.4523,97.892,89.1804,10.8196,-0.1709,0.2571,3.8245,216.4391,2.591,146.6311,,-0.1524,447.3289,5.5484,1.4612,77814974.0,29.5258,9.3303,78.5551,1.8735,1.7109,1.3871,-57.1072,10.3161,10.3506,-7.0943,-8.1756,2.6071,10.3758,1.22,-7.0334,0.6618,1.8887,1.2802,1.8912,14.9265,14.9265,14.9265,-39.5299,9.6501
300098.SZ,20170426,20170331,0.0663,0.0661,0.2484,0.2484,1.9128,0.0562,0.6202,6167274.87,64862500.67,119380767.75,2.9001,2.4922,1.9173,0.3819,0.1036,3.4087,0.0549,57251174.99,67735312.05,,-303610774.6702,-302890774.6702,874638167.95,108258824.06,17680492.47,-784377443.42,2592509308.95,1695527838.27,911150394.85,3909156519.77,727016243.89,0.0661,3.5605,-0.1419,0.6764,-0.1075,0.063,-0.2825,-0.2818,25.2576,44.7172,55.2828,23.0519,25.2576,9.3303,17.8754,-4.1538,-0.2638,78.5551,22.0766,25.372,1.8735,1.87,1.7109,1.3934,1.3871,1.5041,7.494,5.5736,20.4531,1.2571,1.2822,52.899,47.101,52.9943,0.4523,97.892,89.1804,10.8196,-0.1709,0.2571,3.8245,216.4391,2.591,146.6311,,-0.1524,447.3289,5.5484,1.4612,77814974.0,29.5258,9.3303,78.5551,1.8735,1.7109,1.3871,-57.1072,10.3161,10.3506,-7.0943,-8.1756,2.6071,10.3758,1.22,-7.0334,0.6618,1.8887,1.2802,1.8912,14.9265,14.9265,14.9265,-39.5299,9.6501
300098.SZ,20170419,20161231,0.2961,0.295,1.2167,1.2167,1.9128,0.0562,0.5541,11155539.39,304802149.63,587752211.05,2.7228,2.3727,1.9433,2.2774,0.5468,17.9825,0.2866,287773635.22,332717822.69,358273669.56,-94021871.3085,-105741871.3085,926638980.96,107890773.76,16643240.51,-1034733057.82,2517131983.49,1625127899.63,590394841.81,3795689438.75,655986468.35,0.294,3.4945,0.2602,0.6104,0.0085,0.3096,-0.0875,-0.0984,24.1472,44.9466,55.0534,20.1284,24.1472,10.324,14.9846,-5.1801,1.9862,77.9933,21.5866,25.4436,8.8066,8.8,8.4957,7.2919,6.9204,8.1767,8.8066,7.2919,21.7624,1.2782,1.2718,53.1738,46.8262,52.1122,0.4385,98.947,89.7362,10.2638,0.2965,0.2782,3.5729,225.6604,2.3946,151.2405,,0.266,299.1464,6.9204,6.9246,79711113.26,27.2069,17.7431,72.7729,3.1264,3.1593,2.4871,71.6448,56.3358,57.5013,334.4144,108.1093,119.2263,125.4612,127.21,335.2299,105.2904,9.4185,12.4508,9.8255,21.0138,21.0138,-18.9361,93.397,9.8255
300098.SZ,20170419,20161231,0.2961,0.295,1.2167,1.2167,1.9128,0.0562,0.5541,11155539.39,304802149.63,587752211.05,2.7228,2.3727,1.9433,2.2774,0.5468,17.9825,0.2866,287773635.22,332717822.69,358273669.56,-94021871.3085,-105741871.3085,926638980.96,107890773.76,16643240.51,-1034733057.82,2517131983.49,1625127899.63,590394841.81,3795689438.75,655986468.35,0.294,3.4945,0.2602,0.6104,0.0085,0.3096,-0.0875,-0.0984,24.1472,44.9466,55.0534,20.1284,24.1472,10.324,14.9846,-5.1801,1.9862,77.9933,21.5866,25.4436,8.8066,8.8,8.4957,7.2919,6.9204,8.1767,8.8066,7.2919,21.7624,1.2782,1.2718,53.1738,46.8262,52.1122,0.4385,98.947,89.7362,10.2638,0.2965,0.2782,3.5729,225.6604,2.3946,151.2405,,0.266,299.1464,6.9204,6.9246,79711113.26,27.2069,17.7431,72.7729,3.1264,3.1593,2.4871,71.6448,56.3358,57.5013,334.4144,108.1093,119.2263,125.4612,127.21,335.2299,105.2904,9.4185,12.4508,9.8255,21.0138,21.0138,-18.9361,93.397,9.8255
300098.SZ,20161029,20160930,0.1873,0.1869,0.8664,0.8664,1.8994,0.048,0.457,12369981.95,188162983.47,357888304.18,2.8509,2.5684,2.0496,1.6363,0.4056,13.0059,0.211,185260664.05,188846093.81,,-195592646.6082,-195592646.6082,823918641.64,59257575.68,10000000.0,-938321380.41,2385047076.97,1543524974.51,605203594.1,3648321047.26,542721865.59,0.1866,3.3757,0.0092,0.505,-0.1297,0.1757,-0.182,-0.182,21.4086,38.4348,61.5652,16.4065,21.4086,7.3241,14.155,-5.0726,1.5521,80.1042,19.8479,20.2808,5.6907,5.67,5.3396,4.2789,4.5168,4.5074,7.5876,5.7052,19.7104,1.2455,1.2524,52.4649,47.5351,52.6326,0.2741,99.4443,93.3655,6.6345,0.0119,0.2455,4.062,362.8049,2.6703,238.5047,,0.0111,275.567,6.0224,4.5437,77683094.47,25.3534,8.2449,84.2405,1.9045,1.6696,1.521,42.6407,-9.7784,-9.9711,101.2242,195.1147,225.7237,229.0938,229.64,104.4849,-9.9711,5.6987,5.4964,6.0921,51.1294,51.1294,25.7142,-28.2442,265.5425
300098.SZ,20161029,20160930,0.1873,0.1869,0.8664,0.8664,1.8994,0.048,0.457,12369981.95,188162983.47,357888304.18,2.8509,2.5684,2.0496,1.6363,0.4056,13.0059,0.211,185260664.05,188846093.81,,-195592646.6082,-195592646.6082,823918641.64,59257575.68,10000000.0,-938321380.41,2385047076.97,1543524974.51,605203594.1,3648321047.26,542721865.59,0.1866,3.3757,0.0092,0.505,-0.1297,0.1757,-0.182,-0.182,21.4086,38.4348,61.5652,16.4065,21.4086,7.3241,14.155,-5.0726,1.5521,80.1042,19.8479,20.2808,5.6907,5.67,5.3396,4.2789,4.5168,4.5074,7.5876,5.7052,19.7104,1.2455,1.2524,52.4649,47.5351,52.6326,0.2741,99.4443,93.3655,6.6345,0.0119,0.2455,4.062,362.8049,2.6703,238.5047,,0.0111,275.567,6.0224,4.5437,77683094.47,25.3534,8.2449,84.2405,1.9045,1.6696,1.521,42.6407,-9.7784,-9.9711,101.2242,195.1147,225.7237,229.0938,229.64,104.4849,-9.9711,5.6987,5.4964,6.0921,51.1294,51.1294,25.7142,-28.2442,265.5425
300098.SZ,20160823,20160630,0.1234,0.1231,0.5694,0.5694,1.8994,0.048,0.3913,3929870.42,128178862.02,243971903.75,3.0177,2.7481,2.1027,1.012,0.2696,9.2854,0.1409,134965062.23,143912994.03,156513698.61,-354238792.4704,-354238792.4704,771010702.82,56198184.09,0.0,-818030158.15,2452079595.02,1555704359.5,737674201.35,3564446830.55,472137511.77,0.1229,3.31,-0.1174,0.4393,-0.1905,0.1339,-0.3296,-0.3296,21.4844,39.864,60.136,15.0871,21.4844,6.8439,13.6573,-5.4141,2.1399,77.9473,21.9634,23.5148,3.7868,3.77,3.6742,3.3133,3.0272,3.4958,7.5736,6.6266,18.8359,1.2321,1.2451,52.9804,47.0196,55.835,0.0,99.8057,93.2063,6.7937,-0.1637,0.2321,4.3006,,2.9643,,,-0.1525,285.9088,6.0544,3.0415,66069621.46,25.3005,5.9832,81.4396,1.9228,1.8191,1.5623,4.2793,-12.1083,-12.3219,77.54,208.9503,207.1178,220.5636,236.98,17.7894,-12.4719,3.6415,2.2408,4.0297,68.9396,68.9396,89.0754,9.4236,266.2408
300098.SZ,20160823,20160630,0.1234,0.1231,0.5694,0.5694,1.8994,0.048,0.3913,3929870.42,128178862.02,243971903.75,3.0177,2.7481,2.1027,1.012,0.2696,9.2854,0.1409,134965062.23,143912994.03,156513698.61,-354238792.4704,-354238792.4704,771010702.82,56198184.09,0.0,-818030158.15,2452079595.02,1555704359.5,737674201.35,3564446830.55,472137511.77,0.1229,3.31,-0.1174,0.4393,-0.1905,0.1339,-0.3296,-0.3296,21.4844,39.864,60.136,15.0871,21.4844,6.8439,13.6573,-5.4141,2.1399,77.9473,21.9634,23.5148,3.7868,3.77,3.6742,3.3133,3.0272,3.4958,7.5736,6.6266,18.8359,1.2321,1.2451,52.9804,47.0196,55.835,0.0,99.8057,93.2063,6.7937,-0.1637,0.2321,4.3006,,2.9643,,,-0.1525,285.9088,6.0544,3.0415,66069621.46,25.3005,5.9832,81.4396,1.9228,1.8191,1.5623,4.2793,-12.1083,-12.3219,77.54,208.9503,207.1178,220.5636,236.98,17.7894,-12.4719,3.6415,2.2408,4.0297,68.9396,68.9396,89.0754,9.4236,266.2408
300098.SZ,20160427,20160331,0.0601,0.0599,0.2161,0.2161,1.8992,0.04,0.3462,274209.41,64078484.63,116684124.28,2.8828,2.4975,2.1139,0.4499,0.1041,3.5218,0.0539,64488344.23,65960883.98,,-131686873.1035,-131686873.1035,780642900.75,49292242.85,0.0,-991299762.37,2382640080.64,1469759101.25,478459338.88,3496545472.54,415129119.08,0.0599,3.2472,-0.1325,0.3863,-0.0984,0.0614,-0.1225,-0.1225,27.286,50.231,49.769,19.681,27.286,8.2509,16.1056,-4.6755,2.5433,72.2386,27.6308,28.3953,1.8627,1.87,1.8547,1.5301,1.4703,1.572,7.4508,6.1204,19.1827,1.2374,1.2478,52.0146,47.9854,55.0711,0.0,99.8119,94.0607,5.9393,-0.1825,0.2374,4.2051,,2.8709,,,-0.1716,408.137,5.8812,1.4928,66126290.13,33.0708,8.2509,72.2386,1.8627,1.8547,1.4703,-61.3186,168.3036,168.6099,73.7572,192.4316,181.5532,168.3989,182.63,-53.7402,-27.0597,1.6752,0.7235,2.0543,43.8908,43.8908,43.8908,-12.0943,267.9708
300098.SZ,20160427,20160331,0.0601,0.0599,0.2161,0.2161,1.8992,0.04,0.3462,274209.41,64078484.63,116684124.28,2.8828,2.4975,2.1139,0.4499,0.1041,3.5218,0.0539,64488344.23,65960883.98,,-131686873.1035,-131686873.1035,780642900.75,49292242.85,0.0,-991299762.37,2382640080.64,1469759101.25,478459338.88,3496545472.54,415129119.08,0.0599,3.2472,-0.1325,0.3863,-0.0984,0.0614,-0.1225,-0.1225,27.286,50.231,49.769,19.681,27.286,8.2509,16.1056,-4.6755,2.5433,72.2386,27.6308,28.3953,1.8627,1.87,1.8547,1.5301,1.4703,1.572,7.4508,6.1204,19.1827,1.2374,1.2478,52.0146,47.9854,55.0711,0.0,99.8119,94.0607,5.9393,-0.1825,0.2374,4.2051,,2.8709,,,-0.1716,408.137,5.8812,1.4928,66126290.13,33.0708,8.2509,72.2386,1.8627,1.8547,1.4703,-61.3186,168.3036,168.6099,73.7572,192.4316,181.5532,168.3989,182.63,-53.7402,-27.0597,1.6752,0.7235,2.0543,43.8908,43.8908,43.8908,-12.0943,267.9708
300098.SZ,20160416,20151231,0.1894,0.1873,1.0092,1.0092,1.8758,0.0402,0.2874,5988485.78,134149906.3,304774883.72,2.7075,2.4214,2.0184,2.7848,0.7047,16.463,0.3624,130978340.5,166975633.49,183032684.06,-66896449.7364,-282246449.7364,817787706.57,50353453.12,0.0,-1092860171.39,2309547666.11,1396350449.66,303490278.27,3427263819.35,350776425.04,0.1309,3.1937,-0.111,0.3276,0.764,0.1559,-0.0625,-0.2636,13.0369,28.2044,71.7956,15.306,13.0369,7.4589,10.5799,-2.7327,0.4421,87.879,12.5524,15.4522,6.3869,10.83,6.114,5.5992,4.724,6.2216,6.3869,5.5992,20.2109,1.2533,1.3591,51.5467,48.4533,53.7679,0.0,99.7798,94.1999,5.8001,-0.1454,0.2533,3.9391,,2.6603,,,-0.1369,206.7525,4.724,4.6992,67617008.5,15.0183,6.3011,85.4235,3.5902,3.4934,2.6145,21.9075,0.5842,1.5727,85.4997,87.7066,3.4757,8.6692,96.27,15.368,-69.2213,-39.4972,157.3816,253.0663,46.5545,46.5545,82.2389,281.9474,253.0663
300098.SZ,20160416,20151231,0.1894,0.1873,1.0092,1.0092,1.8758,0.0402,0.2874,5988485.78,134149906.3,304774883.72,2.7075,2.4214,2.0184,2.7848,0.7047,16.463,0.3624,130978340.5,166975633.49,183032684.06,-66896449.7364,-282246449.7364,817787706.57,50353453.12,0.0,-1092860171.39,2309547666.11,1396350449.66,303490278.27,3427263819.35,350776425.04,0.1309,3.1937,-0.111,0.3276,0.764,0.1559,-0.0625,-0.2636,13.0369,28.2044,71.7956,15.306,13.0369,7.4589,10.5799,-2.7327,0.4421,87.879,12.5524,15.4522,6.3869,10.83,6.114,5.5992,4.724,6.2216,6.3869,5.5992,20.2109,1.2533,1.3591,51.5467,48.4533,53.7679,0.0,99.7798,94.1999,5.8001,-0.1454,0.2533,3.9391,,2.6603,,,-0.1369,206.7525,4.724,4.6992,67617008.5,15.0183,6.3011,85.4235,3.5902,3.4934,2.6145,21.9075,0.5842,1.5727,85.4997,87.7066,3.4757,8.6692,96.27,15.368,-69.2213,-39.4972,157.3816,253.0663,46.5545,46.5545,82.2389,281.9474,253.0663
300098.SZ,20151027,20150930,0.2076,0.2076,2.0987,2.0987,1.2681,0.126,1.0221,3853672.96,57081219.3,167965228.0,1.1485,0.9249,0.7038,1.8111,0.7066,9.706,0.3519,63275990.76,55486246.69,,-37678016.6919,-39531016.6919,561026587.64,51583110.92,214976285.11,98485887.03,889289406.85,115222808.43,213708695.46,1220037488.15,337042228.58,0.2076,3.3807,-0.7515,1.148,-0.8251,0.189,-0.1283,-0.1346,9.8627,27.2612,72.7388,16.7045,9.8627,8.3316,11.1309,-2.7579,0.1105,89.7301,10.1642,9.0056,6.2144,6.21,5.8214,3.1693,3.4709,3.7942,8.2859,4.2257,45.158,1.8234,1.7855,48.6305,51.3695,48.5249,17.6205,81.3508,93.767,6.233,-0.2843,0.8234,1.1993,4.6168,1.0746,4.1367,9.0296,-0.2666,231.4782,4.6279,3.4805,63224378.27,11.7635,5.7347,92.3779,2.0086,1.9395,1.1263,-26.4458,20.4875,20.4875,-6.81,59.3845,28.9441,20.4873,31.5994,-6.8028,10.8653,2.47,9.8126,2.4711,27.7042,27.7042,4.4587,-11.3301,8.6789
300098.SZ,20151027,20150930,0.2076,0.2076,2.0987,2.0987,1.2681,0.126,1.0221,3853672.96,57081219.3,167965228.0,1.1485,0.9249,0.7038,1.8111,0.7066,9.706,0.3519,63275990.76,55486246.69,,-37678016.6919,-39531016.6919,561026587.64,51583110.92,214976285.11,98485887.03,889289406.85,115222808.43,213708695.46,1220037488.15,337042228.58,0.2076,3.3807,-0.7515,1.148,-0.8251,0.189,-0.1283,-0.1346,9.8627,27.2612,72.7388,16.7045,9.8627,8.3316,11.1309,-2.7579,0.1105,89.7301,10.1642,9.0056,6.2144,6.21,5.8214,3.1693,3.4709,3.7942,8.2859,4.2257,45.158,1.8234,1.7855,48.6305,51.3695,48.5249,17.6205,81.3508,93.767,6.233,-0.2843,0.8234,1.1993,4.6168,1.0746,4.1367,9.0296,-0.2666,231.4782,4.6279,3.4805,63224378.27,11.7635,5.7347,92.3779,2.0086,1.9395,1.1263,-26.4458,20.4875,20.4875,-6.81,59.3845,28.9441,20.4873,31.5994,-6.8028,10.8653,2.47,9.8126,2.4711,27.7042,27.7042,4.4587,-11.3301,8.6789
300098.SZ,20150826,20150630,0.1404,0.1404,1.2339,1.2339,1.2632,0.126,0.9549,3174409.99,38036984.71,115983136.37,1.2054,0.9343,0.6783,1.2515,0.4467,5.6804,0.2175,43925992.23,50394598.59,58305755.91,-15859579.2451,-69211949.2451,465389330.75,51583110.92,172596285.11,56141268.75,866037823.92,131018468.34,187159737.09,1144745163.89,317318731.02,0.1404,3.3086,-0.5228,1.0808,-0.7679,0.1717,-0.054,-0.2357,11.3422,32.016,67.984,19.4255,11.3422,10.1514,12.7555,-3.4813,0.3013,87.8747,12.01,13.9109,4.2487,4.33,3.9215,3.0262,2.4674,3.4558,8.4974,6.0524,41.4973,1.7093,1.7169,46.2777,53.7223,52.117,15.0773,84.8539,92.5195,7.4805,-0.2406,0.7093,1.4087,5.6279,1.2559,5.0177,15.426,-0.2226,243.5836,4.9348,2.4747,63580994.77,13.9173,5.4622,89.0567,1.7955,1.6007,1.1053,-30.298,21.3483,21.3483,-10.11,119.9274,56.9663,21.3086,33.65,-10.1128,11.9713,0.29,-0.4295,0.2875,51.2983,51.2983,36.1001,-1.7737,8.339
300098.SZ,20150826,20150630,0.1404,0.1404,1.2339,1.2339,1.2632,0.126,0.9549,3174409.99,38036984.71,115983136.37,1.2054,0.9343,0.6783,1.2515,0.4467,5.6804,0.2175,43925992.23,50394598.59,58305755.91,-15859579.2451,-69211949.2451,465389330.75,51583110.92,172596285.11,56141268.75,866037823.92,131018468.34,187159737.09,1144745163.89,317318731.02,0.1404,3.3086,-0.5228,1.0808,-0.7679,0.1717,-0.054,-0.2357,11.3422,32.016,67.984,19.4255,11.3422,10.1514,12.7555,-3.4813,0.3013,87.8747,12.01,13.9109,4.2487,4.33,3.9215,3.0262,2.4674,3.4558,8.4974,6.0524,41.4973,1.7093,1.7169,46.2777,53.7223,52.117,15.0773,84.8539,92.5195,7.4805,-0.2406,0.7093,1.4087,5.6279,1.2559,5.0177,15.426,-0.2226,243.5836,4.9348,2.4747,63580994.77,13.9173,5.4622,89.0567,1.7955,1.6007,1.1053,-30.298,21.3483,21.3483,-10.11,119.9274,56.9663,21.3086,33.65,-10.1128,11.9713,0.29,-0.4295,0.2875,51.2983,51.2983,36.1001,-1.7737,8.339
300098.SZ,20150427,20150331,0.1307,0.1307,0.8798,0.8798,2.5797,0.1802,1.5082,1304410.73,22672104.8,65160834.57,1.4874,1.3298,1.0125,0.5667,0.2149,2.512,0.104,21948720.36,22494928.61,,-38744474.9285,-146444474.9285,329105714.54,48750904.77,107650000.0,-21354580.98,845973578.69,212856019.31,191501438.33,1056824024.94,309808832.45,0.1307,5.1689,-0.5049,1.6884,-1.1155,0.1226,-0.2112,-0.7981,14.8518,40.3627,59.6373,27.7552,14.8518,15.9847,14.7376,-2.9671,-1.2264,86.4043,13.5957,13.9341,2.5014,2.34,2.3654,1.4496,1.5451,1.7272,10.0056,5.7984,33.8407,1.5115,1.619,45.2792,54.7208,58.966,10.1862,89.744,89.9588,10.0412,-0.2121,0.5115,1.9535,8.8104,1.7425,7.8586,,-0.1908,237.7339,6.1804,1.5451,64293739.67,16.9012,15.9847,86.4043,2.5014,2.3654,1.5451,-57.3902,28.8955,28.8955,-37.09,108.1937,60.7764,28.5055,30.3194,-36.6852,19.3687,-2.0782,-14.0336,-2.0794,75.7067,75.7067,75.7067,-33.429,7.6543
300098.SZ,20150427,20150331,0.1307,0.1307,0.8798,0.8798,2.5797,0.1802,1.5082,1304410.73,22672104.8,65160834.57,1.4874,1.3298,1.0125,0.5667,0.2149,2.512,0.104,21948720.36,22494928.61,,-38744474.9285,-146444474.9285,329105714.54,48750904.77,107650000.0,-21354580.98,845973578.69,212856019.31,191501438.33,1056824024.94,309808832.45,0.1307,5.1689,-0.5049,1.6884,-1.1155,0.1226,-0.2112,-0.7981,14.8518,40.3627,59.6373,27.7552,14.8518,15.9847,14.7376,-2.9671,-1.2264,86.4043,13.5957,13.9341,2.5014,2.34,2.3654,1.4496,1.5451,1.7272,10.0056,5.7984,33.8407,1.5115,1.619,45.2792,54.7208,58.966,10.1862,89.744,89.9588,10.0412,-0.2121,0.5115,1.9535,8.8104,1.7425,7.8586,,-0.1908,237.7339,6.1804,1.5451,64293739.67,16.9012,15.9847,86.4043,2.5014,2.3654,1.5451,-57.3902,28.8955,28.8955,-37.09,108.1937,60.7764,28.5055,30.3194,-36.6852,19.3687,-2.0782,-14.0336,-2.0794,75.7067,75.7067,75.7067,-33.429,7.6543
300098.SZ,20150401,20141231,0.7,0.7,4.0184,4.0184,2.8201,0.1802,1.3775,60609117.16,68349535.62,207087004.27,1.4149,1.249,1.056,2.6655,0.9292,10.8781,0.5101,72316804.55,156027279.33,172382644.63,95751992.3878,306101992.3878,387376912.86,49352757.92,215350000.0,-110423056.13,864382791.01,250092235.55,139669179.42,1232156241.63,285832316.92,0.7028,5.2786,-0.7655,1.5578,0.2095,0.8503,0.5218,1.6682,18.1446,28.086,71.914,16.1928,18.1446,7.2405,11.4078,-2.4556,1.749,90.1921,9.8005,21.1611,14.0868,13.68,7.4661,10.7951,9.2563,12.3533,14.0868,10.7951,39.0728,1.6413,1.5788,51.1011,48.8989,51.794,17.4775,78.6082,92.4315,7.5685,-0.2331,0.6413,1.4854,4.4977,1.3256,4.0139,,-0.2154,210.0294,9.2563,8.9223,66171169.26,21.2707,6.1061,87.042,8.3307,2.6543,5.4694,25.9399,133.3333,133.3333,-2.11,61.4953,121.9881,139.9562,50.68,-1.8139,106.3808,16.6,36.5906,16.2687,37.3489,37.3489,3.0052,69.0033,16.2687
300098.SZ,20150401,20141231,0.7,0.7,4.0184,4.0184,2.8201,0.1802,1.3775,60609117.16,68349535.62,207087004.27,1.4149,1.249,1.056,2.6655,0.9292,10.8781,0.5101,72316804.55,156027279.33,172382644.63,95751992.3878,306101992.3878,387376912.86,49352757.92,215350000.0,-110423056.13,864382791.01,250092235.55,139669179.42,1232156241.63,285832316.92,0.7028,5.2786,-0.7655,1.5578,0.2095,0.8503,0.5218,1.6682,18.1446,28.086,71.914,16.1928,18.1446,7.2405,11.4078,-2.4556,1.749,90.1921,9.8005,21.1611,14.0868,13.68,7.4661,10.7951,9.2563,12.3533,14.0868,10.7951,39.0728,1.6413,1.5788,51.1011,48.8989,51.794,17.4775,78.6082,92.4315,7.5685,-0.2331,0.6413,1.4854,4.4977,1.3256,4.0139,,-0.2154,210.0294,9.2563,8.9223,66171169.26,21.2707,6.1061,87.042,8.3307,2.6543,5.4694,25.9399,133.3333,133.3333,-2.11,61.4953,121.9881,139.9562,50.68,-1.8139,106.3808,16.6,36.5906,16.2687,37.3489,37.3489,3.0052,69.0033,16.2687
300098.SZ,20141028,20140930,0.2756,0.2756,2.6294,2.6294,2.8465,0.1145,1.016,7198742.86,43374981.48,148610439.72,1.4806,1.2402,1.0727,1.785,0.7114,7.0637,0.3696,39291668.82,51122958.04,,72124437.2064,146274437.2064,341143198.61,24952581.77,79150000.0,-70986272.86,808869243.67,202004137.43,131017864.57,1022953830.16,207447388.48,0.2756,4.9771,-1.1258,1.1306,-0.7841,0.2786,0.3931,0.7972,10.3967,30.8021,69.1979,22.023,10.3967,7.8398,15.2374,-1.0542,0.4397,91.8561,8.1439,10.5961,5.6965,5.7,4.8857,3.9162,3.8425,4.6897,7.5953,5.2216,32.054,1.4718,1.4704,44.8002,55.1998,58.2318,7.7374,89.2758,94.3958,5.6042,-0.4915,0.4718,2.0511,11.5382,1.8167,10.2194,,-0.464,240.9794,5.1233,3.8741,66753290.81,11.6504,4.6111,91.9727,1.8346,1.6483,1.7135,-27.6431,172.8713,172.8713,-41.52,539.5313,152.8776,172.9452,262.5561,-41.5175,145.8193,5.9,13.6873,9.6273,66.7113,66.7113,89.5022,111.1217,11.0349
300098.SZ,20141028,20140930,0.2756,0.2756,2.6294,2.6294,2.8465,0.1145,1.016,7198742.86,43374981.48,148610439.72,1.4806,1.2402,1.0727,1.785,0.7114,7.0637,0.3696,39291668.82,51122958.04,,72124437.2064,146274437.2064,341143198.61,24952581.77,79150000.0,-70986272.86,808869243.67,202004137.43,131017864.57,1022953830.16,207447388.48,0.2756,4.9771,-1.1258,1.1306,-0.7841,0.2786,0.3931,0.7972,10.3967,30.8021,69.1979,22.023,10.3967,7.8398,15.2374,-1.0542,0.4397,91.8561,8.1439,10.5961,5.6965,5.7,4.8857,3.9162,3.8425,4.6897,7.5953,5.2216,32.054,1.4718,1.4704,44.8002,55.1998,58.2318,7.7374,89.2758,94.3958,5.6042,-0.4915,0.4718,2.0511,11.5382,1.8167,10.2194,,-0.464,240.9794,5.1233,3.8741,66753290.81,11.6504,4.6111,91.9727,1.8346,1.6483,1.7135,-27.6431,172.8713,172.8713,-41.52,539.5313,152.8776,172.9452,262.5561,-41.5175,145.8193,5.9,13.6873,9.6273,66.7113,66.7113,89.5022,111.1217,11.0349
300098.SZ,20140729,20140630,0.185,0.185,1.3023,1.3023,2.8384,0.1143,0.9237,5513095.62,28459272.73,96904940.04,2.0814,1.6941,1.5261,0.9496,0.3612,3.469,0.1953,19782956.35,30086724.82,38625973.55,23865690.5341,55015690.5341,248075099.87,24632774.7,36150000.0,-135309203.02,790056366.93,307348184.48,172038981.46,957464469.34,190846032.49,0.1848,4.8764,-0.7582,1.038,-0.6164,0.1636,0.1298,0.2992,11.5777,40.4717,59.5283,33.161,11.5777,11.117,22.8645,-0.8204,-1.1946,91.7378,8.2622,12.5655,3.8628,3.69,3.236,2.4541,2.2611,2.7622,7.7256,4.9082,25.1069,1.3352,1.394,48.0887,51.9113,64.2232,3.7756,93.6426,92.0246,7.9754,-0.4905,0.3352,2.9029,24.8021,2.558,21.8549,,-0.4513,335.3497,4.5222,2.771,68002329.24,13.4148,10.8414,93.7378,1.723,1.2446,1.0072,-48.5339,356.7901,356.7901,-64.75,356.7553,1151.7162,356.0475,759.17,-64.623,310.1886,4.06,0.6839,7.6279,48.5746,48.5746,7.6913,-12.3496,11.1799
300098.SZ,20140729,20140630,0.185,0.185,1.3023,1.3023,2.8384,0.1143,0.9237,5513095.62,28459272.73,96904940.04,2.0814,1.6941,1.5261,0.9496,0.3612,3.469,0.1953,19782956.35,30086724.82,38625973.55,23865690.5341,55015690.5341,248075099.87,24632774.7,36150000.0,-135309203.02,790056366.93,307348184.48,172038981.46,957464469.34,190846032.49,0.1848,4.8764,-0.7582,1.038,-0.6164,0.1636,0.1298,0.2992,11.5777,40.4717,59.5283,33.161,11.5777,11.117,22.8645,-0.8204,-1.1946,91.7378,8.2622,12.5655,3.8628,3.69,3.236,2.4541,2.2611,2.7622,7.7256,4.9082,25.1069,1.3352,1.394,48.0887,51.9113,64.2232,3.7756,93.6426,92.0246,7.9754,-0.4905,0.3352,2.9029,24.8021,2.558,21.8549,,-0.4513,335.3497,4.5222,2.771,68002329.24,13.4148,10.8414,93.7378,1.723,1.2446,1.0072,-48.5339,356.7901,356.7901,-64.75,356.7553,1151.7162,356.0475,759.17,-64.623,310.1886,4.06,0.6839,7.6279,48.5746,48.5746,7.6913,-12.3496,11.1799
300098.SZ,20140422,20140331,0.1014,0.1014,0.4993,0.4993,2.8037,0.1142,0.8697,1260627.73,17397334.05,38483074.29,2.2489,1.7692,1.6108,0.3625,0.1284,1.3208,0.0736,10542451.12,11954114.62,,-10422249.9881,21977750.0119,267955841.93,31718149.06,41819095.24,-199244852.72,772417107.48,386883754.54,187638901.82,974603854.4,181052225.92,0.1014,4.7875,-0.3683,0.9839,-0.198,0.065,-0.0566,0.1194,16.4441,41.8843,58.1157,29.4893,16.4441,11.5594,23.3899,-5.46,,88.5258,11.4742,13.0107,2.1405,2.14,1.9959,0.9578,1.2106,1.1219,8.562,3.8312,26.799,1.3661,1.4318,54.6709,45.3291,60.6161,4.2909,90.3959,90.7119,9.2881,-0.2188,0.3661,2.5799,21.067,2.2619,18.4704,,-0.1985,475.3193,4.8424,1.495,68894949.24,18.4707,11.5594,88.5258,2.1405,1.9959,1.2106,-73.7742,265.1466,265.1466,-39.1,152.3417,213.0213,265.0531,211.0781,-39.0953,241.4606,2.16,4.2937,5.7561,280.6628,280.6628,280.6628,-72.6892,16.6778
300098.SZ,20140422,20140331,0.1014,0.1014,0.4993,0.4993,2.8037,0.1142,0.8697,1260627.73,17397334.05,38483074.29,2.2489,1.7692,1.6108,0.3625,0.1284,1.3208,0.0736,10542451.12,11954114.62,,-10422249.9881,21977750.0119,267955841.93,31718149.06,41819095.24,-199244852.72,772417107.48,386883754.54,187638901.82,974603854.4,181052225.92,0.1014,4.7875,-0.3683,0.9839,-0.198,0.065,-0.0566,0.1194,16.4441,41.8843,58.1157,29.4893,16.4441,11.5594,23.3899,-5.46,,88.5258,11.4742,13.0107,2.1405,2.14,1.9959,0.9578,1.2106,1.1219,8.562,3.8312,26.799,1.3661,1.4318,54.6709,45.3291,60.6161,4.2909,90.3959,90.7119,9.2881,-0.2188,0.3661,2.5799,21.067,2.2619,18.4704,,-0.1985,475.3193,4.8424,1.495,68894949.24,18.4707,11.5594,88.5258,2.1405,1.9959,1.2106,-73.7742,265.1466,265.1466,-39.1,152.3417,213.0213,265.0531,211.0781,-39.0953,241.4606,2.16,4.2937,5.7561,280.6628,280.6628,280.6628,-72.6892,16.6778
300098.SZ,20140422,20131231,0.3,0.3,2.9172,2.9172,2.8037,0.1142,0.7683,8381562.78,45361023.73,184164334.76,2.6523,2.2157,2.036,2.0524,0.7265,7.4329,0.4799,44445733.73,62676190.71,81409229.38,73895908.198,78895908.198,271799075.43,27341221.88,5000000.0,-283993817.39,751521259.06,457342993.05,173349175.66,922676000.38,162394264.14,0.292,4.6861,-0.7497,0.8825,-0.5749,0.3406,0.4016,0.4287,10.9388,34.3058,65.6942,22.5987,10.9388,6.453,17.6096,-1.4639,2.976,91.7207,8.3351,11.6752,6.5994,6.6,5.5701,5.6033,5.2499,5.9394,6.5994,5.6033,24.8925,1.3314,1.3735,60.0861,39.9139,61.5085,0.5419,93.4611,91.0103,8.9897,-0.4984,0.3314,2.8353,172.4687,2.471,150.3043,,-0.4536,276.8443,5.2499,4.8047,70432138.13,13.1606,0.6421,84.5336,4.1801,3.9645,3.8372,-31.5309,230.4348,230.4348,-412.62,133.3523,267.0419,232.0113,141.71,-430.4367,217.3202,8.74,20.3418,12.5222,77.643,77.643,67.2191,178.7371,12.5222
300098.SZ,20140422,20131231,0.3,0.3,2.9172,2.9172,2.8037,0.1142,0.7683,8381562.78,45361023.73,184164334.76,2.6523,2.2157,2.036,2.0524,0.7265,7.4329,0.4799,44445733.73,62676190.71,81409229.38,73895908.198,78895908.198,271799075.43,27341221.88,5000000.0,-283993817.39,751521259.06,457342993.05,173349175.66,922676000.38,162394264.14,0.292,4.6861,-0.7497,0.8825,-0.5749,0.3406,0.4016,0.4287,10.9388,34.3058,65.6942,22.5987,10.9388,6.453,17.6096,-1.4639,2.976,91.7207,8.3351,11.6752,6.5994,6.6,5.5701,5.6033,5.2499,5.9394,6.5994,5.6033,24.8925,1.3314,1.3735,60.0861,39.9139,61.5085,0.5419,93.4611,91.0103,8.9897,-0.4984,0.3314,2.8353,172.4687,2.471,150.3043,,-0.4536,276.8443,5.2499,4.8047,70432138.13,13.1606,0.6421,84.5336,4.1801,3.9645,3.8372,-31.5309,230.4348,230.4348,-412.62,133.3523,267.0419,232.0113,141.71,-430.4367,217.3202,8.74,20.3418,12.5222,77.643,77.643,67.2191,178.7371,12.5222
300098.SZ,20131024,20130930,0.1042,0.1042,1.5727,1.5727,2.7784,0.1085,0.5826,6565234.28,11963662.19,105619492.08,3.7468,3.0835,2.9053,1.1332,0.4051,3.9639,0.277,6177518.06,16089660.71,,-45692350.211,-41692350.211,176399026.67,22036757.92,6429755.93,-258348581.64,720947502.88,502197761.3,243849179.66,875484266.4,127180574.1,0.1007,4.4696,-0.3258,0.6911,-0.6096,0.0874,-0.2483,-0.2266,5.0716,36.4956,63.5044,33.7205,5.0716,11.421,24.4205,-2.121,0.3499,97.8654,2.1229,5.5596,2.3323,2.25,1.5059,1.5403,1.4051,1.2448,3.1097,2.0537,19.0764,1.2357,1.3149,63.7875,36.2125,67.1323,0.7344,93.9468,89.2433,10.7567,-0.3279,0.2357,4.0148,127.9193,3.5191,112.1267,,-0.2926,384.581,1.8735,1.7738,71986355.38,7.6806,8.5241,89.2014,1.3604,1.0622,1.2709,19.2817,305.5227,305.5227,21.67,124.1945,250.0894,305.5144,203.0316,21.5482,299.4129,7.32,5.7748,7.3219,87.6434,87.6434,118.1787,11.3551,3.0597
300098.SZ,20131024,20130930,0.1042,0.1042,1.5727,1.5727,2.7784,0.1085,0.5826,6565234.28,11963662.19,105619492.08,3.7468,3.0835,2.9053,1.1332,0.4051,3.9639,0.277,6177518.06,16089660.71,,-45692350.211,-41692350.211,176399026.67,22036757.92,6429755.93,-258348581.64,720947502.88,502197761.3,243849179.66,875484266.4,127180574.1,0.1007,4.4696,-0.3258,0.6911,-0.6096,0.0874,-0.2483,-0.2266,5.0716,36.4956,63.5044,33.7205,5.0716,11.421,24.4205,-2.121,0.3499,97.8654,2.1229,5.5596,2.3323,2.25,1.5059,1.5403,1.4051,1.2448,3.1097,2.0537,19.0764,1.2357,1.3149,63.7875,36.2125,67.1323,0.7344,93.9468,89.2433,10.7567,-0.3279,0.2357,4.0148,127.9193,3.5191,112.1267,,-0.2926,384.581,1.8735,1.7738,71986355.38,7.6806,8.5241,89.2014,1.3604,1.0622,1.2709,19.2817,305.5227,305.5227,21.67,124.1945,250.0894,305.5144,203.0316,21.5482,299.4129,7.32,5.7748,7.3219,87.6434,87.6434,118.1787,11.3551,3.0597
300098.SZ,20130726,20130630,0.0416,0.0416,0.8758,0.8758,2.7514,0.1085,0.5224,4136898.01,3312407.44,57375769.02,4.8972,4.2598,4.1585,0.6614,0.2268,2.198,0.1588,-7671288.19,-2029562.94,12286671.5,-4485463.1921,-2485463.1921,136351922.66,22036757.92,2000000.0,-325863395.44,695782910.13,539181799.54,213318404.1,856358713.56,116100983.08,0.0405,4.3823,-0.4602,0.6309,-0.2667,-0.011,-0.0244,-0.0135,0.8719,35.6024,64.3976,39.8169,0.8719,13.7264,28.906,-2.8154,0.1373,104.7601,-4.781,-1.2594,0.9473,0.88,0.4212,-0.2,0.1384,-0.1317,1.8946,-0.4,15.8058,1.1877,1.2907,66.7687,33.2313,68.5671,0.2335,94.1703,86.2604,13.7396,-0.612,0.1877,5.028,403.2177,4.3381,347.8915,,-0.528,416.1961,0.2768,0.7339,72570661.98,1.5923,10.3798,90.9235,2.402,2.4303,1.6612,-26.2344,178.6389,178.6389,-13.31,60.5727,121.3854,178.6904,135.48,-13.3122,177.8303,5.23,-0.0533,5.2271,68.8391,68.8391,202.6158,161.7459,1.1052
300098.SZ,20130726,20130630,0.0416,0.0416,0.8758,0.8758,2.7514,0.1085,0.5224,4136898.01,3312407.44,57375769.02,4.8972,4.2598,4.1585,0.6614,0.2268,2.198,0.1588,-7671288.19,-2029562.94,12286671.5,-4485463.1921,-2485463.1921,136351922.66,22036757.92,2000000.0,-325863395.44,695782910.13,539181799.54,213318404.1,856358713.56,116100983.08,0.0405,4.3823,-0.4602,0.6309,-0.2667,-0.011,-0.0244,-0.0135,0.8719,35.6024,64.3976,39.8169,0.8719,13.7264,28.906,-2.8154,0.1373,104.7601,-4.781,-1.2594,0.9473,0.88,0.4212,-0.2,0.1384,-0.1317,1.8946,-0.4,15.8058,1.1877,1.2907,66.7687,33.2313,68.5671,0.2335,94.1703,86.2604,13.7396,-0.612,0.1877,5.028,403.2177,4.3381,347.8915,,-0.528,416.1961,0.2768,0.7339,72570661.98,1.5923,10.3798,90.9235,2.402,2.4303,1.6612,-26.2344,178.6389,178.6389,-13.31,60.5727,121.3854,178.6904,135.48,-13.3122,177.8303,5.23,-0.0533,5.2271,68.8391,68.8391,202.6158,161.7459,1.1052
300098.SZ,20130419,20130331,-0.0636,-0.0636,0.1357,0.1357,2.6984,0.1123,0.4351,4358043.93,-15662258.28,5853481.8,5.4547,4.6907,4.5371,0.0987,0.0335,0.3314,0.0245,-20107902.05,-17383628.99,,-57473503.18,-57473503.18,123557086.24,22131558.77,4591913.3,-331324813.44,638948408.74,570869935.55,239545122.11,809912166.15,97347463.28,-0.0636,4.2458,-0.274,0.5474,-0.2307,-0.0977,-0.3232,-0.3232,-61.9818,24.2514,75.7486,106.4971,-61.9818,32.7243,83.5839,-9.8112,0.5067,183.3084,-83.448,-72.0215,-1.486,-1.53,-2.0589,-1.764,-1.5181,-2.1181,-5.944,-7.056,15.7263,1.1866,1.2954,73.1497,26.8503,66.8635,0.567,93.2289,85.2732,14.7268,-0.3803,0.1866,5.0244,164.4352,4.2517,139.1464,,-0.3243,1344.5464,-6.0724,-1.1471,71871118.0,-62.2104,32.7243,183.3084,-1.486,-2.0589,-1.5181,-201.8981,-395.814,-395.814,5.25,-682.4048,-458.751,-395.522,-512.3434,5.2476,-422.597,-1.48,-5.8789,-1.475,-51.8915,-51.8915,-51.8915,81.4819,-8.3928
300098.SZ,20130419,20130331,-0.0636,-0.0636,0.1357,0.1357,2.6984,0.1123,0.4351,4358043.93,-15662258.28,5853481.8,5.4547,4.6907,4.5371,0.0987,0.0335,0.3314,0.0245,-20107902.05,-17383628.99,,-57473503.18,-57473503.18,123557086.24,22131558.77,4591913.3,-331324813.44,638948408.74,570869935.55,239545122.11,809912166.15,97347463.28,-0.0636,4.2458,-0.274,0.5474,-0.2307,-0.0977,-0.3232,-0.3232,-61.9818,24.2514,75.7486,106.4971,-61.9818,32.7243,83.5839,-9.8112,0.5067,183.3084,-83.448,-72.0215,-1.486,-1.53,-2.0589,-1.764,-1.5181,-2.1181,-5.944,-7.056,15.7263,1.1866,1.2954,73.1497,26.8503,66.8635,0.567,93.2289,85.2732,14.7268,-0.3803,0.1866,5.0244,164.4352,4.2517,139.1464,,-0.3243,1344.5464,-6.0724,-1.1471,71871118.0,-62.2104,32.7243,183.3084,-1.486,-2.0589,-1.5181,-201.8981,-395.814,-395.814,5.25,-682.4048,-458.751,-395.522,-512.3434,5.2476,-422.597,-1.48,-5.8789,-1.475,-51.8915,-51.8915,-51.8915,81.4819,-8.3928
300098.SZ,20130418,20121231,-0.23,-0.23,1.6993,1.6993,2.6984,0.1123,0.4986,68049317.72,-108759911.59,79551307.73,4.6029,4.1207,4.0017,1.2389,0.4058,4.0192,0.2948,-135642789.88,-51282334.09,-24339640.14,-111303487.14,-111303487.14,161596853.45,22131558.77,0.0,-376948770.52,636811613.06,582216198.31,205267427.79,831560374.92,108651677.63,-0.2289,4.3094,-0.1463,0.611,-0.3985,-0.2884,-0.6259,-0.6259,-15.6855,26.3243,73.6757,42.1574,-15.6855,9.9433,35.1528,-2.9388,28.0535,144.8856,-44.3951,-16.9698,-5.1312,-5.14,-13.7081,-5.003,-4.6243,-6.7028,-5.1312,-5.003,18.0962,1.2209,1.2919,73.2612,26.7388,62.7222,0.0,92.1612,87.9542,12.0458,-0.161,0.2209,4.1712,,3.466,,,-0.1416,397.752,-4.6243,-3.9716,74446151.63,-13.9959,4.9801,174.5097,-4.0519,-12.4195,-3.2634,34.0661,-235.2941,-235.2941,-487.04,-1198.727,-218.8455,-233.5195,-577.86,-873.5213,-242.9359,-53.29,-1.8835,-6.5879,54.1015,54.1015,78.2134,-1758.8777,-6.5879
300098.SZ,20130418,20121231,-0.23,-0.23,1.6993,1.6993,2.6984,0.1123,0.4986,68049317.72,-108759911.59,79551307.73,4.6029,4.1207,4.0017,1.2389,0.4058,4.0192,0.2948,-135642789.88,-51282334.09,-24339640.14,-111303487.14,-111303487.14,161596853.45,22131558.77,0.0,-376948770.52,636811613.06,582216198.31,205267427.79,831560374.92,108651677.63,-0.2289,4.3094,-0.1463,0.611,-0.3985,-0.2884,-0.6259,-0.6259,-15.6855,26.3243,73.6757,42.1574,-15.6855,9.9433,35.1528,-2.9388,28.0535,144.8856,-44.3951,-16.9698,-5.1312,-5.14,-13.7081,-5.003,-4.6243,-6.7028,-5.1312,-5.003,18.0962,1.2209,1.2919,73.2612,26.7388,62.7222,0.0,92.1612,87.9542,12.0458,-0.161,0.2209,4.1712,,3.466,,,-0.1416,397.752,-4.6243,-3.9716,74446151.63,-13.9959,4.9801,174.5097,-4.0519,-12.4195,-3.2634,34.0661,-235.2941,-235.2941,-487.04,-1198.727,-218.8455,-233.5195,-577.86,-873.5213,-242.9359,-53.29,-1.8835,-6.5879,54.1015,54.1015,78.2134,-1758.8777,-6.5879
300098.SZ,20121025,20120930,-0.05,-0.05,0.8672,0.8672,2.6984,0.1123,0.6769,2595778.55,-11611642.92,55921168.73,6.1386,5.2737,5.1683,0.6553,0.2145,2.033,0.1533,-25393487.58,-22771585.58,,-144946582.95,-144616493.95,112819540.9,0.0,0.0,-329765475.0,595959941.34,579732706.53,249967231.53,864066407.58,140346407.13,-0.0507,4.4876,-0.43,0.7892,-0.6539,-0.128,-0.815,-0.8132,-9.6576,36.2582,63.7418,52.4438,-9.6576,14.7049,42.9012,-5.1623,-0.5407,116.4646,-16.4646,-14.7646,-1.1141,-1.11,-1.4349,-2.264,-1.4809,-2.6213,-1.4855,-3.0187,11.5489,1.1306,1.2429,70.8939,29.1061,61.0061,0.0,92.3622,100.0,0.0,-0.6773,0.1306,7.0739,,5.2824,,,-0.6773,621.0519,-1.9745,-0.8964,75827209.1,-9.6024,10.9722,109.9544,0.0565,-0.226,-0.2886,-2.869,-145.4545,-145.4545,-16.22,-628.9828,-170.9422,-145.8796,-158.5813,-134.1411,-146.5416,-51.35,-5.5947,-2.7247,36.3968,36.3968,84.2147,65.516,-1.4223
300098.SZ,20121025,20120930,-0.05,-0.05,0.8672,0.8672,2.6984,0.1123,0.6769,2595778.55,-11611642.92,55921168.73,6.1386,5.2737,5.1683,0.6553,0.2145,2.033,0.1533,-25393487.58,-22771585.58,,-144946582.95,-144616493.95,112819540.9,0.0,0.0,-329765475.0,595959941.34,579732706.53,249967231.53,864066407.58,140346407.13,-0.0507,4.4876,-0.43,0.7892,-0.6539,-0.128,-0.815,-0.8132,-9.6576,36.2582,63.7418,52.4438,-9.6576,14.7049,42.9012,-5.1623,-0.5407,116.4646,-16.4646,-14.7646,-1.1141,-1.11,-1.4349,-2.264,-1.4809,-2.6213,-1.4855,-3.0187,11.5489,1.1306,1.2429,70.8939,29.1061,61.0061,0.0,92.3622,100.0,0.0,-0.6773,0.1306,7.0739,,5.2824,,,-0.6773,621.0519,-1.9745,-0.8964,75827209.1,-9.6024,10.9722,109.9544,0.0565,-0.226,-0.2886,-2.869,-145.4545,-145.4545,-16.22,-628.9828,-170.9422,-145.8796,-158.5813,-134.1411,-146.5416,-51.35,-5.5947,-2.7247,36.3968,36.3968,84.2147,65.516,-1.4223
